生成A序列
11975,9681,9424,14195,9647,12764,13595,10714,10431,14090,11890,10249,9595
A背包向量的密度
0.9425005616602578
生成的M值,W值
148251,28
生成的B序列
38798,122817,115621,100958,121865,60890,84158,3490,143817,98018,36418,138721,120409
生成的P值,V值
3,46
随机生成的delta序列
1,1,1,0,0,0,1,0,1,1,1,1,1
生成的C值
183617,148442,144502,217656,147920,195714,208457,164281,159942,216047,182314,157152,147124
生成的M'
8201
生成的D值
3195,824,5085,4430,302,7091,3432,261,4123,2821,1892,1333,7707
L0,L1的值
3,4
[W' 满足 使得 (W*W')MOD M=1] --- 132367
1,1,1,1,1,1,0,0,1,1,1,1,0
SB值977923, K值6493
T的值为6492
比较次数5
6493
---------------------------------
0,0,1,0,0,1,1,1,0,0,0,0,1
SB值384568, K值7174
T的值为7173
比较次数5
7174
---------------------------------
0,0,1,0,1,1,0,0,0,0,0,1,1
SB值557506, K值5116
T的值为5115
比较次数5
5116
---------------------------------
0,0,0,1,1,1,1,0,1,1,0,0,0
SB值609706, K值5797
T的值为5798
比较次数2
5797
---------------------------------
1,0,1,0,0,1,0,0,1,1,1,0,0
SB值493562, K值7805
T的值为7803
比较次数6
7805
---------------------------------
1,0,0,0,0,0,0,0,1,1,0,1,1
SB值539763, K值2777
T的值为2775
比较次数6
2777
---------------------------------
1,1,0,0,0,0,1,0,0,1,1,0,1
SB值500618, K值3469
T的值为3466
比较次数7
3469
---------------------------------
1,0,0,0,0,0,0,0,0,1,1,1,0
SB值311955, K值1040
T的值为1038
比较次数6
1040
---------------------------------
1,0,0,1,1,1,0,0,1,1,1,1,0
SB值739485, K值584
T的值为584
比较次数1
584
---------------------------------
0,1,1,1,0,0,1,0,1,1,0,1,0
SB值804110, K值5646
T的值为5644
比较次数6
5646
---------------------------------
0,0,1,0,0,1,1,1,1,0,0,0,0
SB值407976, K值3590
T的值为3590
比较次数1
3590
---------------------------------
0,1,0,1,0,1,1,0,0,1,0,0,1
SB值587250, K值1702
T的值为1702
比较次数1
1702
---------------------------------
1,1,0,1,1,0,0,0,1,1,0,0,0
SB值626273, K值7494
T的值为7494
比较次数1
7494
---------------------------------
1,0,0,0,1,0,0,0,0,1,1,0,1
SB值415508, K值7716
T的值为7714
比较次数6
7716
---------------------------------
0,0,1,0,1,1,1,1,1,0,0,0,0
SB值529841, K值3892
T的值为3892
比较次数1
3892
---------------------------------
0,1,1,0,0,0,0,0,0,0,0,1,1
SB值497568, K值6748
T的值为6746
比较次数6
6748
---------------------------------
1,0,0,1,1,1,1,0,0,1,0,0,0
SB值504687, K值4869
T的值为4870
比较次数2
4869
---------------------------------
0,0,1,1,0,0,1,0,0,0,1,0,1
SB值457564, K值6144
T的值为6142
比较次数6
6144
---------------------------------
1,1,1,0,1,0,1,0,1,1,0,0,0
SB值725094, K值3380
T的值为3379
比较次数5
3380
---------------------------------
0,1,1,0,0,1,0,0,1,1,0,0,1
SB值661572, K值3048
T的值为3047
比较次数5
3048
---------------------------------
1,0,0,1,1,0,0,0,0,0,0,1,1
SB值520751, K值565
T的值为564
比较次数5
565
---------------------------------
1,0,0,0,0,1,0,0,1,1,1,0,0
SB值377941, K值2720
T的值为2719
比较次数5
2720
---------------------------------
0,1,0,1,0,1,1,1,0,1,0,0,0
SB值470331, K值2457
T的值为2458
比较次数2
2457
---------------------------------
1,1,1,0,1,0,0,1,0,1,1,1,1
SB值796157, K值7018
T的值为7015
比较次数7
7018
---------------------------------
0,0,0,0,1,0,0,1,0,1,1,1,0
SB值398512, K值6609
T的值为6608
比较次数5
6609
---------------------------------
0,0,1,0,0,0,0,0,1,0,1,1,1
SB值554986, K值3738
T的值为3735
比较次数7
3738
---------------------------------
0,0,0,0,0,0,0,0,0,1,1,1,1
SB值393566, K值5552
T的值为5549
比较次数7
5552
---------------------------------
1,1,0,1,0,0,1,1,0,0,0,0,1
SB值470630, K值3447
T的值为3446
比较次数5
3447
---------------------------------
1,0,1,0,0,0,1,1,0,0,0,0,1
SB值362476, K值3278
T的值为3276
比较次数6
3278
---------------------------------
1,0,0,1,0,0,0,1,0,1,1,0,0
SB值277682, K值4398
T的值为4397
比较次数5
4398
---------------------------------
