生成A序列
56365,55753,49437,60032,46567,44973,45656,59897,39219,60719,38211,62876,35598,48320,39481
A背包向量的密度
0.941015763120111
生成的M值,W值
743105,67
生成的B序列
60930,19926,339859,306619,147569,40771,86532,297574,398358,352648,330822,497167,155751,265020,415912
生成的P值,V值
6,103
随机生成的delta序列
1,1,0,1,0,0,1,0,1,1,1,1,1,1,0
生成的C值
967600,957094,848668,1030550,799400,772036,783762,1028231,673260,1042343,655956,1079372,611099,829494,677757
生成的M'
32771
生成的D值
17241,6735,29393,14649,12896,18303,30029,12330,17840,26442,536,30700,21221,10219,22337
L0,L1的值
3,6
[W' 满足 使得 (W*W')MOD M=1] --- 277278
1,1,1,0,0,0,1,0,0,1,1,1,0,0,1
SB值2103796, K值32329
T的值为32326
比较次数7
32329
---------------------------------
0,1,0,0,0,0,1,1,0,0,1,1,0,0,1
SB值1647933, K值4354
T的值为4352
比较次数6
4354
---------------------------------
0,0,0,0,1,0,1,1,1,0,1,1,0,1,1
SB值2438954, K值5803
T的值为5801
比较次数6
5803
---------------------------------
1,1,0,0,0,1,1,1,1,0,1,1,1,1,1
SB值2568763, K值23636
T的值为23632
比较次数8
23636
---------------------------------
1,1,0,1,1,1,0,0,1,0,1,1,0,1,1
SB值2483094, K值20372
T的值为20368
比较次数8
20372
---------------------------------
0,0,1,0,0,0,0,0,0,0,0,0,0,1,1
SB值1020791, K值29178
T的值为29178
比较次数1
29178
---------------------------------
0,1,1,1,0,0,1,0,1,1,1,1,1,1,0
SB值2752702, K值23909
T的值为23904
比较次数9
23909
---------------------------------
1,1,1,1,0,1,0,0,0,1,1,1,0,0,0
SB值1948742, K值12915
T的值为12912
比较次数7
12915
---------------------------------
1,0,0,1,1,0,0,0,1,1,1,1,1,1,1
SB值2930796, K值10226
T的值为10222
比较次数8
10226
---------------------------------
0,1,1,1,0,1,0,1,0,1,1,0,1,0,0
SB值1843970, K值31296
T的值为31295
比较次数5
31296
---------------------------------
0,1,0,0,1,1,0,1,1,0,0,1,1,0,1
SB值1973028, K值11278
T的值为11277
比较次数5
11278
---------------------------------
0,1,1,1,1,0,1,1,0,1,0,1,1,0,1
SB值2619557, K值10106
T的值为10104
比较次数6
10106
---------------------------------
0,0,0,1,0,0,1,1,1,1,1,0,0,0,0
SB值1772553, K值3513
T的值为3511
比较次数6
3513
---------------------------------
0,1,0,1,1,1,0,1,1,0,1,0,0,1,0
SB值1806659, K值27966
T的值为27964
比较次数6
27966
---------------------------------
1,1,1,0,0,0,1,0,0,0,0,1,0,1,1
SB值1685346, K值15570
T的值为15567
比较次数7
15570
---------------------------------
0,1,0,0,0,0,0,0,1,0,0,0,1,1,1
SB值1254967, K值12810
T的值为12808
比较次数6
12810
---------------------------------
1,1,1,0,1,0,0,1,1,1,0,0,0,1,1
SB值2297796, K值24349
T的值为24347
比较次数6
24349
---------------------------------
1,1,1,0,0,0,1,0,0,0,0,1,0,0,0
SB值1004414, K值15785
T的值为15782
比较次数7
15785
---------------------------------
1,0,1,1,0,1,1,0,1,1,1,1,1,1,1
SB值3250389, K值9513
T的值为9509
比较次数8
9513
---------------------------------
0,0,1,1,0,0,0,1,1,1,1,0,0,0,1
SB值2441792, K值25214
T的值为25213
比较次数5
25214
---------------------------------
0,1,0,1,1,1,0,0,1,1,1,1,1,0,0
SB值2249631, K值18238
T的值为18235
比较次数7
18238
---------------------------------
1,1,1,1,0,0,0,1,1,0,1,1,1,1,1
SB值3087938, K值19346
T的值为19342
比较次数8
19346
---------------------------------
0,1,1,0,0,0,0,0,0,0,1,0,1,1,1
SB值1527290, K值24899
T的值为24897
比较次数6
24899
---------------------------------
1,1,1,1,0,1,0,1,1,0,1,0,1,1,1
SB值2631542, K值6949
T的值为6947
比较次数6
6949
---------------------------------
0,1,1,0,1,1,1,1,0,0,1,0,1,1,1
SB值2099736, K值144
T的值为143
比较次数5
144
---------------------------------
1,1,1,0,0,1,1,0,1,0,0,1,1,1,0
SB值1864314, K值17826
T的值为17822
比较次数8
17826
---------------------------------
1,1,1,0,0,0,1,1,1,0,1,0,0,0,1
SB值1949913, K值5357
T的值为5355
比较次数6
5357
---------------------------------
0,1,1,1,1,0,0,1,1,1,0,0,0,0,1
SB值2278465, K值11538
T的值为11537
比较次数5
11538
---------------------------------
1,1,0,0,0,1,0,0,0,0,1,0,1,0,1
SB值1024112, K值20831
T的值为20829
比较次数6
20831
---------------------------------
0,0,0,1,0,1,1,0,1,1,1,1,0,0,0
SB值2012917, K值7415
T的值为7412
比较次数7
7415
---------------------------------
