生成A序列
24093,20864,24475,30056,29367,21011,19896,27410,25952,18242,21361,22801,30026,23268
A背包向量的密度
0.9411533513923628
生成的M值,W值
338823,91
生成的B序列
159525,204509,194287,24512,300636,217886,116421,122549,328694,304730,249736,41953,21782,84450
生成的P值,V值
8,129
随机生成的delta序列
1,0,0,0,0,0,1,0,0,0,1,1,1,0
生成的C值
388500,336432,394659,484653,473542,338802,320823,441986,418476,294152,344447,367667,484170,375196
生成的M'
16397
生成的D值
11369,8492,1131,9140,14426,10862,9280,15664,8551,15403,110,6933,8657,14462
L0,L1的值
3,3
[W' 满足 使得 (W*W')MOD M=1] --- 11170
1,0,1,1,1,0,0,0,1,0,1,0,0,0
SB值1257390, K值11933
T的值为11933
比较次数1
11933
---------------------------------
1,1,1,0,1,0,0,0,1,0,0,1,0,0
SB值1229604, K值1711
T的值为1711
比较次数1
1711
---------------------------------
0,0,0,1,1,1,1,0,1,1,1,0,1,0
SB值1564397, K值10841
T的值为10840
比较次数5
10841
---------------------------------
1,1,1,0,0,1,0,1,0,1,1,1,0,1
SB值1579625, K值2441
T的值为2440
比较次数5
2441
---------------------------------
1,1,1,1,1,1,0,0,0,1,1,1,0,0
SB值1697774, K值12278
T的值为12277
比较次数5
12278
---------------------------------
1,1,1,0,1,1,0,0,0,0,0,1,0,1
SB值1203246, K值2087
T的值为2087
比较次数1
2087
---------------------------------
0,0,1,1,0,1,0,0,1,1,1,1,1,1
SB值1468030, K值9661
T的值为9660
比较次数5
9661
---------------------------------
0,1,1,0,0,1,1,1,0,0,1,0,1,1
SB值1211620, K值3070
T的值为3069
比较次数5
3070
---------------------------------
1,0,1,0,1,0,0,1,1,0,0,0,0,0
SB值1105691, K值1950
T的值为1951
比较次数2
1950
---------------------------------
1,0,0,1,0,0,0,0,0,0,1,1,1,0
SB值497508, K值3415
T的值为3412
比较次数7
3415
---------------------------------
1,0,1,0,1,0,1,0,0,1,0,1,0,0
SB值1117552, K值9351
T的值为9351
比较次数1
9351
---------------------------------
0,1,1,1,1,0,1,1,1,0,1,1,1,1
SB值1689529, K值14861
T的值为14860
比较次数5
14861
---------------------------------
0,1,1,1,1,1,0,1,1,0,1,0,0,0
SB值1642809, K值2788
T的值为2789
比较次数2
2788
---------------------------------
0,1,1,0,0,0,1,0,0,0,1,0,1,0
SB值786735, K值11273
T的值为11271
比较次数6
11273
---------------------------------
0,0,0,0,1,0,0,0,0,1,1,1,0,1
SB值981505, K值2143
T的值为2142
比较次数5
2143
---------------------------------
0,1,0,0,0,0,0,1,1,0,0,1,0,0
SB值697705, K值6846
T的值为6845
比较次数5
6846
---------------------------------
0,0,1,1,1,1,0,1,0,0,0,1,1,0
SB值923605, K值1225
T的值为1225
比较次数1
1225
---------------------------------
1,0,0,0,0,0,1,0,0,1,0,0,0,1
SB值665126, K值1323
T的值为1323
比较次数1
1323
---------------------------------
1,0,1,1,1,0,0,1,1,0,0,0,0,1
SB值1214653, K值9155
T的值为9156
比较次数2
9155
---------------------------------
1,1,1,0,0,0,1,1,1,0,0,0,0,0
SB值1125985, K值5296
T的值为5296
比较次数1
5296
---------------------------------
0,1,1,1,0,0,0,1,0,1,0,0,1,1
SB值956819, K值7361
T的值为7361
比较次数1
7361
---------------------------------
0,1,0,1,0,1,0,0,0,0,0,1,1,1
SB值595092, K值9355
T的值为9354
比较次数5
9355
---------------------------------
0,1,0,1,0,0,0,0,0,0,1,1,1,0
SB值542492, K值538
T的值为535
比较次数7
538
---------------------------------
0,1,1,1,1,0,0,1,0,1,0,1,0,1
SB值1277626, K值3666
T的值为3667
比较次数2
3666
---------------------------------
0,1,0,1,0,1,1,1,0,1,1,0,1,0
SB值1262125, K值12020
T的值为12019
比较次数5
12020
---------------------------------
0,0,0,0,0,1,1,0,0,1,0,0,1,1
SB值745269, K值9473
T的值为9473
比较次数1
9473
---------------------------------
0,1,1,1,1,0,1,1,1,1,0,1,1,1
SB值1744523, K值13757
T的值为13757
比较次数1
13757
---------------------------------
1,1,0,1,0,1,1,0,0,0,1,0,1,0
SB值994371, K值8719
T的值为8717
比较次数6
8719
---------------------------------
0,1,0,0,1,1,1,1,1,1,1,1,0,0
SB值1887114, K值7736
T的值为7736
比较次数1
7736
---------------------------------
0,1,0,0,0,1,0,1,0,0,1,0,1,1
SB值900912, K值9056
T的值为9055
比较次数5
9056
---------------------------------
