生成A序列
510261,329165,288546,403687,354997,428819,342618,513272,529164,297578,401073,526470,297359,397141,477329,489264,558491,558598
A背包向量的密度
0.9428303857386993
生成的M值,W值
7703833,70
生成的B序列
4902938,7633884,4790554,5146591,1738291,6905831,871761,5113708,6226148,5422794,4963611,6037568,5407464,4688371,2597698,3433148,575205,582695
生成的P值,V值
8,161
随机生成的delta序列
0,0,1,1,1,1,1,1,0,0,1,0,0,0,0,1,1,1
生成的C值
10269002,6624445,5806989,8124201,7144315,8629983,6895188,10329599,10649425,5988757,8071595,10595208,5984349,7992462,9606246,9846438,11239632,11241785
生成的M'
262147
生成的D值
45269,70770,39755,259791,66346,241279,79366,105866,163545,221523,207185,109328,217115,128052,168954,146999,229458,231611
L0,L1的值
5,5
[W' 满足 使得 (W*W')MOD M=1] --- 3631807
0,1,0,1,1,0,1,0,0,1,1,1,0,0,1,1,0,1
SB值38428041, K值251138
T的值为251137
比较次数7
251138
---------------------------------
0,1,0,1,0,1,1,0,0,1,1,0,1,0,1,1,0,0
SB值42382782, K值40100
T的值为40099
比较次数7
40100
---------------------------------
0,0,1,1,0,0,1,0,0,0,0,1,0,1,1,1,1,0
SB值28140896, K值113115
T的值为113114
比较次数7
113115
---------------------------------
1,0,0,1,1,0,0,1,1,1,0,0,0,1,0,0,1,1
SB值34396741, K值140726
T的值为140726
比较次数1
140726
---------------------------------
0,1,0,0,0,1,0,1,1,1,0,1,1,0,0,1,0,0
SB值46180545, K值227837
T的值为227839
比较次数3
227837
---------------------------------
1,1,0,1,1,0,1,0,1,1,1,0,0,0,1,1,1,1
SB值44094764, K值55788
T的值为55787
比较次数7
55788
---------------------------------
1,0,0,1,1,1,1,1,0,1,1,0,1,0,0,0,1,0
SB值41048194, K值100316
T的值为100314
比较次数8
100316
---------------------------------
1,0,1,0,1,0,0,0,0,1,1,0,0,0,0,1,0,0
SB值25251336, K值202783
T的值为202781
比较次数8
202783
---------------------------------
0,1,0,1,1,1,0,1,0,1,1,1,0,1,0,1,1,1
SB值52241697, K值183179
T的值为183178
比较次数7
183179
---------------------------------
1,1,0,1,0,0,0,1,1,0,1,0,0,1,0,0,0,1
SB值39257946, K值163501
T的值为163502
比较次数2
163501
---------------------------------
1,0,1,0,0,0,0,0,1,1,0,1,1,1,1,1,1,0
SB值44081888, K值159263
T的值为159265
比较次数3
159263
---------------------------------
1,0,1,0,1,0,0,1,1,0,1,0,0,0,0,0,0,0
SB值27735250, K值103672
T的值为103671
比较次数7
103672
---------------------------------
0,0,1,0,0,0,1,0,0,0,1,0,1,1,0,1,0,1
SB值24737604, K值1495
T的值为1493
比较次数8
1495
---------------------------------
1,1,0,0,1,1,0,1,0,1,1,1,0,0,1,0,0,1
SB值45899018, K值157396
T的值为157396
比较次数1
157396
---------------------------------
1,0,0,1,0,1,1,0,0,1,0,1,1,1,0,1,1,1
SB值43974366, K值74762
T的值为74762
比较次数1
74762
---------------------------------
0,1,0,1,0,0,0,1,0,0,0,0,0,1,1,1,0,1
SB值29196095, K值63455
T的值为63456
比较次数2
63455
---------------------------------
1,0,1,0,0,1,0,0,0,1,1,1,0,1,1,1,0,1
SB值44325208, K值229220
T的值为229219
比较次数7
229220
---------------------------------
1,0,1,1,0,1,0,1,0,1,0,0,0,1,0,0,1,1
SB值38128687, K值191869
T的值为191868
比较次数7
191869
---------------------------------
0,1,1,0,0,1,1,1,0,0,1,0,1,0,0,1,0,1
SB值39702656, K值29211
T的值为29209
比较次数8
29211
---------------------------------
1,0,0,0,0,0,0,0,1,1,0,1,0,0,0,1,1,0
SB值26597801, K值129681
T的值为129682
比较次数2
129681
---------------------------------
0,1,1,0,0,0,1,0,1,1,0,0,0,1,0,0,1,1
SB值30791412, K值115492
T的值为115491
比较次数7
115492
---------------------------------
0,1,0,1,0,0,0,1,1,0,1,1,0,1,1,1,0,1
SB值46423422, K值19219
T的值为19220
比较次数2
19219
---------------------------------
0,0,1,0,1,1,0,1,0,0,0,1,0,0,0,0,1,1
SB值25743852, K值237202
T的值为237200
比较次数8
237202
---------------------------------
0,1,1,1,1,0,1,1,0,1,1,1,1,0,1,0,1,1
SB值50881824, K值172039
T的值为172037
比较次数8
172039
---------------------------------
1,0,1,0,1,1,1,0,1,0,1,1,1,0,1,1,0,0
SB值47875012, K值174406
T的值为174405
比较次数7
174406
---------------------------------
0,0,1,1,0,1,1,0,1,0,1,1,1,0,0,1,0,0
SB值43782676, K值153628
T的值为153627
比较次数7
153628
---------------------------------
0,0,1,1,0,1,1,0,0,1,1,0,0,1,1,1,1,0
SB值39395564, K值149480
T的值为149477
比较次数9
149480
---------------------------------
0,1,1,1,0,1,1,1,0,1,1,1,0,1,0,0,1,0
SB值52149878, K值119491
T的值为119489
比较次数8
119491
---------------------------------
0,1,0,0,0,1,1,1,0,1,1,0,0,0,1,1,0,1
SB值37525130, K值162818
T的值为162816
比较次数8
162818
---------------------------------
0,0,1,0,1,1,0,1,1,0,0,1,1,1,1,1,0,1
SB值47521476, K值45968
T的值为45968
比较次数1
45968
---------------------------------
