生成A序列
2494,2329,3081,2488,2123,2443,2767,2904,2935,3137,2789
A背包向量的密度
0.9470373809679123
生成的M值,W值
29491,76
生成的B序列
12598,58,27719,12142,13893,8722,3855,14267,16623,2484,5527
生成的P值,V值
7,92
随机生成的delta序列
0,1,1,1,1,1,0,0,0,0,1
生成的C值
32778,30610,40494,32700,27903,32108,36366,38166,38574,41229,36656
生成的M'
2051
生成的D值
2013,1896,1525,1935,1240,1343,1499,1248,1656,209,1789
L0,L1的值
2,4
[W' 满足 使得 (W*W')MOD M=1] --- 9701
0,0,0,0,0,0,0,0,0,0,1
SB值5527, K值1789
T的值为1788
比较次数4
1789
---------------------------------
1,1,0,0,0,0,0,0,0,1,1
SB值20667, K值1805
T的值为1804
比较次数4
1805
---------------------------------
0,1,1,1,0,0,0,0,1,0,1
SB值62069, K值597
T的值为595
比较次数5
597
---------------------------------
1,1,1,1,0,1,1,0,1,0,0
SB值81717, K值1612
T的值为1611
比较次数4
1612
---------------------------------
0,1,0,1,1,0,0,0,0,1,0
SB值28577, K值1178
T的值为1176
比较次数5
1178
---------------------------------
1,0,1,0,1,0,1,0,0,0,0
SB值58065, K值124
T的值为123
比较次数4
124
---------------------------------
1,1,0,1,1,0,0,1,0,0,1
SB值58485, K值1917
T的值为1916
比较次数4
1917
---------------------------------
0,0,0,1,1,0,0,0,1,0,0
SB值42658, K值729
T的值为728
比较次数4
729
---------------------------------
0,1,0,1,1,0,0,1,0,1,0
SB值42844, K值375
T的值为374
比较次数4
375
---------------------------------
1,1,0,0,1,1,0,0,1,0,1
SB值57421, K值1733
T的值为1732
比较次数4
1733
---------------------------------
0,0,1,0,1,0,0,1,1,1,1
SB值80513, K值1514
T的值为1513
比较次数4
1514
---------------------------------
0,1,0,1,0,1,0,1,1,1,1
SB值59823, K值1872
T的值为1871
比较次数4
1872
---------------------------------
1,1,0,0,0,1,0,1,1,0,0
SB值52268, K值2003
T的值为2004
比较次数2
2003
---------------------------------
1,0,0,1,0,1,1,0,1,1,1
SB值61951, K值189
T的值为188
比较次数4
189
---------------------------------
1,0,0,1,0,1,0,0,1,1,1
SB值58096, K值741
T的值为740
比较次数4
741
---------------------------------
0,1,0,0,1,1,1,0,1,0,0
SB值43151, K值1481
T的值为1480
比较次数4
1481
---------------------------------
1,1,1,0,0,0,1,1,1,0,1
SB值80647, K值1371
T的值为1371
比较次数1
1371
---------------------------------
0,0,0,0,1,0,0,1,0,0,0
SB值28160, K值437
T的值为437
比较次数1
437
---------------------------------
1,0,1,0,0,0,0,1,0,0,0
SB值54584, K值684
T的值为684
比较次数1
684
---------------------------------
1,0,0,1,1,1,1,1,1,0,1
SB值87627, K值417
T的值为416
比较次数4
417
---------------------------------
0,0,0,0,1,1,1,1,0,1,1
SB值48748, K值1175
T的值为1175
比较次数1
1175
---------------------------------
1,0,1,1,1,1,0,0,1,0,0
SB值91697, K值1508
T的值为1506
比较次数5
1508
---------------------------------
1,0,0,0,1,1,1,0,1,1,1
SB值63702, K值1545
T的值为1544
比较次数4
1545
---------------------------------
0,0,0,1,0,1,0,0,1,0,0
SB值37487, K值832
T的值为831
比较次数4
832
---------------------------------
0,0,1,1,1,1,0,1,0,0,0
SB值76743, K值1138
T的值为1136
比较次数5
1138
---------------------------------
1,1,0,0,0,1,0,1,0,1,0
SB值38129, K值556
T的值为557
比较次数2
556
---------------------------------
1,0,0,1,0,1,0,0,0,1,0
SB值35946, K值1398
T的值为1397
比较次数4
1398
---------------------------------
1,0,1,0,0,1,0,1,1,1,0
SB值82413, K值1841
T的值为1841
比较次数1
1841
---------------------------------
1,1,1,1,1,0,0,0,1,0,0
SB值83033, K值10
T的值为8
比较次数5
10
---------------------------------
1,0,1,0,1,1,1,1,0,0,1
SB值86581, K值402
T的值为401
比较次数4
402
---------------------------------
