生成A序列
2125761,1461456,1654475,1970232,1893685,2204498,1619507,1956224,1423163,1100769,1829310,1847171,1784819,1343998,1052918,1521556,1420175,1875882,1907057,2063904
A背包向量的密度
0.9491259593695149
生成的M值,W值
34056561,92
生成的B序列
25287207,32284269,15985456,10978539,3936215,32531011,12768400,9689803,28761313,33157626,32070276,33713488,27977104,21478133,28755334,3756908,28486417,2298339,5166439,19596363
生成的P值,V值
8,177
随机生成的delta序列
0,0,1,1,1,0,0,0,1,0,1,1,0,1,0,1,0,1,1,0
生成的C值
47032462,32334714,36605260,43591383,41897781,48774518,35831592,43281456,31487482,24354514,40473484,40868659,39489120,29735956,23295810,33664427,31421371,41503890,42193637,45663876
生成的M'
1048579
生成的D值
894986,877344,953574,599644,1003200,539884,179906,289717,30112,237197,627482,1022657,691697,375744,227072,109899,1012580,609309,250477,574979
L0,L1的值
3,5
[W' 满足 使得 (W*W')MOD M=1] --- 33686381
1,0,0,1,0,0,0,1,0,0,1,1,1,1,1,1,0,0,0,0
SB值193706792, K值644582
T的值为644581
比较次数5
644582
---------------------------------
1,1,1,1,1,1,1,1,1,0,0,0,1,1,0,1,0,0,1,0
SB值230600797, K值504710
T的值为504707
比较次数7
504710
---------------------------------
1,1,1,1,0,1,1,1,0,0,1,0,1,0,0,1,1,1,1,1
SB值258876531, K值871425
T的值为871424
比较次数5
871425
---------------------------------
1,1,1,1,0,0,0,1,1,1,0,1,1,1,0,0,0,1,0,1
SB值261207640, K值865486
T的值为865483
比较次数7
865486
---------------------------------
0,1,0,1,1,1,0,1,0,1,1,0,1,0,1,0,1,1,1,1
SB值266927735, K值200529
T的值为200529
比较次数1
200529
---------------------------------
1,0,1,1,1,0,1,0,0,1,1,0,1,1,0,1,0,1,1,1
SB值214457005, K值816620
T的值为816617
比较次数7
816620
---------------------------------
0,0,0,1,1,1,1,0,1,1,1,1,1,0,0,0,0,0,1,1
SB值240656774, K值514340
T的值为514338
比较次数6
514340
---------------------------------
0,1,1,1,1,1,1,1,0,1,1,0,1,1,1,1,0,0,1,0
SB值270535513, K值671363
T的值为671362
比较次数5
671363
---------------------------------
1,1,0,1,1,0,1,1,1,1,1,1,0,0,0,1,0,1,0,1
SB值248298746, K值764958
T的值为764955
比较次数7
764958
---------------------------------
1,0,0,0,0,0,0,1,0,1,1,1,1,1,0,0,1,0,0,1
SB值231456417, K值484144
T的值为484144
比较次数1
484144
---------------------------------
1,0,1,0,1,0,1,0,0,0,0,1,0,1,0,0,1,1,0,0
SB值143953655, K值809061
T的值为809059
比较次数6
809061
---------------------------------
1,0,1,1,0,1,1,0,0,1,0,1,0,0,1,0,0,0,1,1
SB值217939863, K值237481
T的值为237480
比较次数5
237481
---------------------------------
0,0,0,1,1,0,1,1,0,0,1,1,1,1,0,1,0,0,0,0
SB值156368866, K值705630
T的值为705628
比较次数6
705630
---------------------------------
1,0,0,1,0,0,0,0,0,1,0,1,0,0,0,1,0,1,1,0
SB值114358546, K值578432
T的值为578429
比较次数7
578432
---------------------------------
0,1,1,0,0,0,1,0,0,0,0,0,0,1,0,0,1,0,0,1
SB值130599038, K值828390
T的值为828390
比较次数1
828390
---------------------------------
1,1,0,1,1,1,0,1,1,0,1,0,0,0,1,1,0,0,0,0
SB值208050875, K值1005024
T的值为1005023
比较次数5
1005024
---------------------------------
0,0,0,1,1,0,0,1,0,1,1,0,1,1,1,1,1,1,1,1
SB值227347496, K值317523
T的值为317522
比较次数5
317523
---------------------------------
0,0,1,0,0,1,0,1,0,0,0,1,0,0,0,0,0,0,1,1
SB值116682560, K值485551
T的值为485549
比较次数6
485551
---------------------------------
0,0,0,1,0,1,0,0,1,1,0,1,1,1,0,0,0,1,0,0
SB值190895553, K值960507
T的值为960505
比较次数6
960507
---------------------------------
1,1,0,0,1,0,0,1,1,0,1,1,1,1,1,1,1,1,0,1
SB值298091169, K值1006725
T的值为1006723
比较次数6
1006725
---------------------------------
1,1,0,0,1,1,1,1,1,0,0,1,1,0,1,1,0,0,1,0
SB值244627491, K值874056
T的值为874054
比较次数6
874056
---------------------------------
0,1,0,1,0,1,1,1,1,1,1,1,0,1,1,0,1,0,0,0
SB值304674609, K值776444
T的值为776444
比较次数1
776444
---------------------------------
0,1,1,0,1,0,1,0,1,1,1,0,0,0,0,0,1,0,1,1
SB值212212774, K值503956
T的值为503954
比较次数6
503956
---------------------------------
0,1,0,1,0,1,1,1,0,0,0,0,1,0,1,0,0,0,0,0
SB值154984460, K值259527
T的值为259528
比较次数2
259527
---------------------------------
1,1,1,1,1,1,1,0,0,1,1,0,1,1,1,1,1,0,0,1
SB值329049258, K值516556
T的值为516556
比较次数1
516556
---------------------------------
0,1,0,1,1,0,1,1,1,1,0,0,0,0,1,0,1,1,0,0
SB值191116255, K值871765
T的值为871765
比较次数1
871765
---------------------------------
1,1,1,1,0,0,1,0,0,0,1,1,0,1,1,1,1,0,1,1
SB值270327229, K值366291
T的值为366290
比较次数5
366291
---------------------------------
0,0,0,1,1,0,1,0,0,1,1,1,0,1,1,0,1,0,0,0
SB值205344428, K值42587
T的值为42587
比较次数1
42587
---------------------------------
0,1,1,0,1,1,0,1,0,0,0,1,0,0,0,1,1,1,1,0
SB值167848345, K值377167
T的值为377164
比较次数7
377167
---------------------------------
0,1,1,0,1,0,0,1,1,1,0,0,0,1,0,1,1,0,1,0
SB值182702579, K值945528
T的值为945525
比较次数7
945528
---------------------------------
