生成A序列
96006,117967,77167,106215,102409,129250,104123,71272,79846,103658,112372,91167,88539,131235,106764,108340
A背包向量的密度
0.9410772141580985
生成的M值,W值
1626331,22
生成的B序列
485801,968943,71343,710399,626667,1217169,664375,1567984,130281,654145,845853,379343,321527,1260839,722477,757149
生成的P值,V值
7,127
随机生成的delta序列
1,0,1,0,1,1,0,1,1,0,1,0,1,1,1,0
生成的C值
1741824,2140258,1400030,1927043,1857992,2344965,1889088,1293078,1448635,1880652,2038750,1654029,1606351,2380978,1937004,1965597
生成的M'
65537
生成的D值
37862,43074,23753,26470,22956,51170,54052,47875,6821,45616,7103,15604,33463,21646,36431,65024
L0,L1的值
4,5
[W' 满足 使得 (W*W')MOD M=1] --- 517469
0,0,1,1,1,0,0,0,1,1,1,0,1,0,1,1
SB值4839841, K值5489
T的值为5487
比较次数7
5489
---------------------------------
1,1,0,1,0,1,0,1,0,1,0,0,1,0,1,1
SB值7405594, K值59300
T的值为59299
比较次数6
59300
---------------------------------
0,1,0,0,0,0,0,1,0,0,1,1,0,0,1,1
SB值5241749, K值18500
T的值为18500
比较次数1
18500
---------------------------------
0,1,0,0,0,1,0,0,0,1,0,0,1,1,1,0
SB值5145100, K值34789
T的值为34788
比较次数6
34789
---------------------------------
1,1,0,1,1,0,0,0,1,0,0,0,1,0,0,1
SB值4000767, K值39059
T的值为39058
比较次数6
39059
---------------------------------
0,0,0,0,1,0,0,0,0,0,0,1,1,1,1,0
SB值3310853, K值64563
T的值为64563
比较次数1
64563
---------------------------------
0,0,1,0,1,0,1,0,0,1,0,0,1,1,1,1
SB值5078522, K值40793
T的值为40793
比较次数1
40793
---------------------------------
1,1,0,0,1,0,1,0,1,0,0,0,1,1,1,1
SB值5938059, K值59181
T的值为59180
比较次数6
59181
---------------------------------
0,0,0,1,0,0,0,0,1,1,1,0,0,0,1,1
SB值3820304, K值56391
T的值为56390
比较次数6
56391
---------------------------------
1,1,1,0,0,1,0,0,0,1,1,0,1,0,0,0
SB值4564781, K值45430
T的值为45427
比较次数8
45430
---------------------------------
1,1,0,0,1,1,1,1,0,1,1,0,1,0,1,1
SB值8832090, K值51404
T的值为51402
比较次数7
51404
---------------------------------
1,0,0,0,1,0,0,1,0,1,1,0,0,0,1,1
SB值5660076, K值719
T的值为717
比较次数7
719
---------------------------------
1,0,0,1,0,1,0,1,0,1,1,0,1,0,1,1
SB值7282504, K值23329
T的值为23326
比较次数8
23329
---------------------------------
1,1,0,1,1,0,1,1,0,0,1,1,1,0,1,1
SB值8050518, K值62229
T的值为62229
比较次数1
62229
---------------------------------
0,1,0,1,1,0,1,1,0,0,1,1,0,1,0,0
SB值7024403, K值42169
T的值为42170
比较次数2
42169
---------------------------------
1,0,0,1,1,1,1,0,1,1,0,1,0,1,0,0
SB值6129019, K值20049
T的值为20049
比较次数1
20049
---------------------------------
0,0,1,1,1,1,1,0,1,0,0,1,1,0,1,1
SB值5600730, K值8059
T的值为8059
比较次数1
8059
---------------------------------
1,1,0,1,0,0,1,1,1,1,1,0,0,0,0,1
SB值6784930, K值6212
T的值为6211
比较次数6
6212
---------------------------------
0,0,0,0,1,1,0,1,1,0,0,0,1,0,1,1
SB值5343254, K值1592
T的值为1590
比较次数7
1592
---------------------------------
1,0,0,1,0,1,0,1,0,0,1,0,1,1,0,0
SB值6409572, K值28978
T的值为28975
比较次数8
28978
---------------------------------
1,0,1,1,1,1,1,0,0,1,1,1,1,1,0,1
SB值7994610, K值11497
T的值为11496
比较次数6
11497
---------------------------------
0,1,0,0,1,0,1,1,0,1,1,0,0,0,0,1
SB值6085116, K值23552
T的值为23552
比较次数1
23552
---------------------------------
0,1,0,0,1,1,1,0,1,1,1,1,0,0,0,0
SB值5486776, K值49785
T的值为49785
比较次数1
49785
---------------------------------
0,1,0,0,1,0,1,1,1,0,1,1,1,1,0,0
SB值6765812, K值55983
T的值为55982
比较次数6
55983
---------------------------------
1,0,1,0,0,0,0,1,0,0,0,0,1,0,0,1
SB值3203804, K值11366
T的值为11364
比较次数7
11366
---------------------------------
0,0,0,1,0,1,0,1,0,1,1,1,1,0,1,1
SB值7176046, K值1071
T的值为1070
比较次数6
1071
---------------------------------
0,0,1,0,1,0,0,0,0,0,0,0,0,1,1,1
SB值3438475, K值38736
T的值为38735
比较次数6
38736
---------------------------------
0,0,1,1,0,1,0,0,1,1,1,1,1,0,1,0
SB值5052537, K值49820
T的值为49819
比较次数6
49820
---------------------------------
1,1,0,1,1,1,1,1,0,1,0,0,0,0,1,0
SB值7617960, K值37821
T的值为37821
比较次数1
37821
---------------------------------
0,0,1,1,1,0,1,0,1,0,0,1,0,1,0,1
SB值4600396, K值39715
T的值为39716
比较次数2
39715
---------------------------------
