生成A序列
952113,915701,730041,1041999,1142979,739978,603062,1124676,1133487,705887,1073151,1078738,540932,893861,832938,1120617,536588,849132,1187882
A背包向量的密度
0.9415281252051243
生成的M值,W值
17203763,99
生成的B序列
8240372,4635584,3459007,17139086,9932343,4442770,8091849,8120346,8992635,1067761,3019371,3572484,1940979,2473424,13645810,7718505,1510923,15249016,14377740
生成的P值,V值
2,43
随机生成的delta序列
0,1,1,1,1,1,1,0,0,0,0,0,1,1,0,0,0,1,1
生成的C值
20470429,19687572,15695882,22402979,24574049,15909527,12965833,24180534,24369970,15176570,23072746,23192867,11630038,19218012,17908167,24093265,11536642,18256338,25539463
生成的M'
524309
生成的D值
22378,288139,490921,382001,455835,180257,382417,62320,251756,495918,3150,123271,95240,342888,81661,499360,1844,429832,372631
L0,L1的值
3,3
[W' 满足 使得 (W*W')MOD M=1] --- 2259080
0,1,1,1,1,0,1,1,1,1,1,0,0,1,0,0,0,1,0
SB值82180422, K值439323
T的值为439322
比较次数5
439323
---------------------------------
0,0,1,0,0,0,0,0,1,1,0,1,1,1,0,1,1,1,0
SB值45984734, K值109485
T的值为109485
比较次数1
109485
---------------------------------
1,0,1,0,0,1,1,0,0,1,0,1,1,1,0,1,0,0,1
SB值55384891, K值383736
T的值为383736
比较次数1
383736
---------------------------------
1,0,1,0,1,0,0,1,0,0,1,0,0,1,1,0,0,1,1
SB值78517429, K值164380
T的值为164379
比较次数5
164380
---------------------------------
1,1,0,1,1,1,0,1,1,1,0,0,0,0,1,0,1,0,1
SB值92105370, K值497504
T的值为497504
比较次数1
497504
---------------------------------
1,0,1,0,1,1,1,0,0,0,1,1,0,1,0,0,1,0,0
SB值44742543, K值430034
T的值为430033
比较次数5
430034
---------------------------------
0,0,1,1,1,0,0,0,1,1,0,1,0,1,1,1,1,1,1
SB值99138734, K值257755
T的值为257754
比较次数5
257755
---------------------------------
1,0,0,1,0,1,0,1,1,0,1,1,1,0,1,0,1,0,0
SB值70624776, K值155260
T的值为155261
比较次数2
155260
---------------------------------
1,1,1,1,0,0,0,0,1,0,0,1,1,0,1,0,1,0,0
SB值63136880, K值164284
T的值为164283
比较次数5
164284
---------------------------------
0,0,0,1,0,0,0,1,1,1,1,1,0,0,0,1,0,1,1
SB值79256944, K值523003
T的值为523004
比较次数2
523003
---------------------------------
0,1,0,0,1,0,0,1,1,1,0,0,1,1,0,0,0,0,0
SB值37163072, K值419169
T的值为419168
比较次数5
419169
---------------------------------
0,0,0,1,0,1,1,0,1,0,1,1,1,0,1,1,0,0,1
SB值82941229, K值274508
T的值为274509
比较次数2
274508
---------------------------------
0,0,1,1,0,1,1,0,0,1,0,1,0,1,0,0,1,0,0
SB值41757304, K值302281
T的值为302280
比较次数5
302281
---------------------------------
0,0,0,0,0,0,0,1,0,0,0,0,0,0,0,0,0,1,0
SB值23369362, K值492152
T的值为492152
比较次数1
492152
---------------------------------
0,0,0,0,1,1,1,0,1,0,0,0,1,0,0,0,1,0,0
SB值34911499, K值318731
T的值为318731
比较次数1
318731
---------------------------------
0,1,1,0,1,0,0,0,1,0,1,1,1,1,1,1,0,0,1
SB值73767882, K值383307
T的值为383306
比较次数5
383307
---------------------------------
1,0,0,0,0,1,1,0,1,0,0,0,0,0,0,1,1,0,1
SB值53374794, K值137716
T的值为137717
比较次数2
137716
---------------------------------
0,1,0,1,0,1,0,0,0,1,1,1,0,1,0,0,1,0,1
SB值52239143, K值92863
T的值为92862
比较次数5
92863
---------------------------------
0,1,1,0,0,1,0,0,1,0,0,1,1,0,1,1,1,1,0
SB值65167713, K值345045
T的值为345045
比较次数1
345045
---------------------------------
1,0,1,0,1,1,1,1,1,1,1,1,0,1,0,0,0,1,0
SB值76661378, K值95089
T的值为95089
比较次数1
95089
---------------------------------
0,0,0,0,0,0,1,0,1,0,0,1,1,0,0,0,1,1,1
SB值53735626, K值84064
T的值为84064
比较次数1
84064
---------------------------------
1,1,0,0,1,0,1,1,1,1,1,1,0,0,0,1,1,1,1
SB值94528929, K值242997
T的值为242998
比较次数2
242997
---------------------------------
1,1,1,0,1,0,1,0,0,0,0,0,0,1,1,1,0,1,1
SB值87823650, K值220208
T的值为220207
比较次数5
220208
---------------------------------
1,1,0,1,0,1,0,1,0,1,0,0,1,1,1,1,0,1,0
SB值84673653, K值258449
T的值为258449
比较次数1
258449
---------------------------------
0,0,1,1,0,0,1,1,1,0,0,0,1,0,1,1,0,0,0
SB值69108217, K值148440
T的值为148440
比较次数1
148440
---------------------------------
1,1,0,1,0,0,0,1,0,0,0,0,1,0,0,0,0,1,0
SB值55325383, K值231292
T的值为231291
比较次数5
231292
---------------------------------
0,0,0,0,1,1,0,0,0,0,1,1,0,0,1,1,1,1,1
SB值73468962, K值50605
T的值为50605
比较次数1
50605
---------------------------------
0,1,0,0,0,0,1,0,1,0,1,1,0,0,0,0,0,1,0
SB值43560939, K值429947
T的值为429947
比较次数1
429947
---------------------------------
1,1,0,1,1,0,0,1,0,1,0,0,1,1,0,1,0,1,1
SB值90895156, K值300688
T的值为300687
比较次数5
300688
---------------------------------
1,0,1,0,0,0,0,0,0,0,0,0,1,1,0,0,0,0,0
SB值16113782, K值427118
T的值为427117
比较次数5
427118
---------------------------------
