生成A序列
235162,193991,164873,220349,165667,205944,258607,233257,167162,143604,264309,246830,199086,249318,147691,138998,240141
A背包向量的密度
0.9438222545013089
生成的M值,W值
3474990,11
生成的B序列
2586782,2133901,1813603,2423839,1822337,2265384,2844677,2565827,1838782,1579644,2907399,2715130,2189946,2742498,1624601,1528978,2641551
生成的P值,V值
8,153
随机生成的delta序列
0,1,1,1,0,1,0,1,0,1,0,1,1,0,0,0,1
生成的C值
4497473,3710078,3153197,4214175,3168381,3938679,4945858,4461041,3196973,2746427,5054909,4720624,3807520,4768206,2824590,2658336,4592697
生成的M'
131081
生成的D值
40719,39810,7253,19583,22437,6249,95861,4287,51029,124807,73831,1708,6171,49290,71889,36716,4862
L0,L1的值
5,4
[W' 满足 使得 (W*W')MOD M=1] --- 1579541
0,1,0,1,0,1,0,0,0,1,1,0,0,1,0,0,0
SB值14052665, K值51408
T的值为51408
比较次数1
51408
---------------------------------
1,0,0,0,1,1,1,0,1,0,1,1,0,0,1,1,1
SB值22775621, K值12058
T的值为12060
比较次数3
12058
---------------------------------
0,0,0,0,0,1,0,1,1,1,0,1,0,1,0,0,1
SB值16348816, K值111151
T的值为111150
比较次数7
111151
---------------------------------
0,0,0,0,1,0,0,1,0,0,1,1,0,1,0,0,0
SB值12753191, K值20472
T的值为20472
比较次数1
20472
---------------------------------
1,0,1,0,1,1,0,1,1,0,0,1,0,1,0,0,0
SB值18350343, K值51891
T的值为51890
比较次数7
51891
---------------------------------
0,1,1,1,0,0,0,0,1,1,1,1,0,1,1,0,1
SB值22420948, K值50819
T的值为50818
比较次数7
50819
---------------------------------
0,0,1,1,0,1,1,1,1,0,0,1,1,0,0,1,0
SB值20186166, K值97776
T的值为97775
比较次数7
97776
---------------------------------
0,0,0,0,1,1,0,0,0,1,1,0,1,1,0,1,1
SB值17677737, K值62201
T的值为62202
比较次数2
62201
---------------------------------
0,1,1,0,0,1,1,0,0,0,0,1,0,0,1,0,0
SB值13397296, K值91689
T的值为91689
比较次数1
91689
---------------------------------
1,0,1,1,0,0,0,1,1,0,0,0,0,1,0,0,1
SB值16612882, K值45942
T的值为45940
比较次数8
45942
---------------------------------
0,1,1,1,1,1,0,0,1,0,0,0,0,0,1,1,1
SB值18092976, K值128747
T的值为128747
比较次数1
128747
---------------------------------
1,0,1,1,1,1,1,1,0,1,1,0,1,1,0,0,1
SB值28383487, K值62107
T的值为62106
比较次数7
62107
---------------------------------
1,1,0,1,0,0,1,1,0,0,1,0,0,0,1,1,0
SB值18616004, K值120534
T的值为120535
比较次数2
120534
---------------------------------
0,1,1,1,1,0,1,0,1,1,0,0,0,0,1,1,0
SB值17610362, K值76142
T的值为76142
比较次数1
76142
---------------------------------
0,0,1,1,0,1,0,1,0,0,1,1,0,1,1,0,0
SB值19058281, K值103009
T的值为103008
比较次数7
103009
---------------------------------
1,1,0,0,0,1,1,0,0,1,0,0,0,0,0,0,0
SB值11410388, K值45284
T的值为45284
比较次数1
45284
---------------------------------
1,1,0,0,0,1,0,1,1,1,1,0,1,1,1,0,0
SB值22434764, K值74839
T的值为74839
比较次数1
74839
---------------------------------
0,0,1,1,0,1,1,0,1,0,0,1,0,1,0,0,1
SB值19285464, K值104754
T的值为104754
比较次数1
104754
---------------------------------
0,0,0,0,1,1,0,0,1,1,1,1,1,0,0,0,1
SB值17960173, K值28932
T的值为28931
比较次数7
28932
---------------------------------
1,0,0,1,1,0,0,1,0,1,0,0,0,1,1,1,1
SB值19516057, K值112428
T的值为112428
比较次数1
112428
---------------------------------
0,0,1,0,0,1,1,1,0,1,0,1,0,0,1,1,1
SB值19579395, K值91470
T的值为91469
比较次数7
91470
---------------------------------
0,1,1,1,1,1,1,0,1,1,0,0,0,0,1,1,0
SB值19875746, K值82391
T的值为82391
比较次数1
82391
---------------------------------
1,0,0,0,1,1,0,0,1,1,0,1,0,1,0,0,0
SB值15550557, K值34077
T的值为34077
比较次数1
34077
---------------------------------
1,1,1,1,0,0,1,1,0,1,1,0,1,0,1,1,0
SB值24199197, K值127684
T的值为127683
比较次数7
127684
---------------------------------
1,1,1,0,0,0,1,0,1,0,0,0,1,0,0,1,0
SB值14936669, K值15397
T的值为15397
比较次数1
15397
---------------------------------
1,0,1,1,0,1,1,0,0,0,0,0,1,0,1,0,0
SB值15748832, K值116644
T的值为116644
比较次数1
116644
---------------------------------
0,0,0,0,0,0,1,0,1,0,1,1,1,0,1,0,0
SB值14120535, K值38327
T的值为38328
比较次数2
38327
---------------------------------
1,0,1,0,1,0,0,0,0,1,0,1,1,1,0,1,1
SB值19620469, K值31801
T的值为31800
比较次数7
31801
---------------------------------
0,0,1,1,0,1,1,0,1,0,1,1,0,0,0,0,0
SB值16808814, K值124433
T的值为124433
比较次数1
124433
---------------------------------
1,0,0,1,1,1,1,0,0,1,1,0,1,0,0,0,1
SB值21261559, K值1277
T的值为1277
比较次数1
1277
---------------------------------
