生成A序列
6803,6476,6019,5463,4408,5387,5559,4250,4292,6345,6285,4763
A背包向量的密度
0.9425103723439231
生成的M值,W值
66051,94
生成的B序列
45023,14285,37378,51165,18046,44021,60189,3194,7142,1971,62382,51416
生成的P值,V值
8,113
随机生成的delta序列
0,1,0,1,0,1,0,1,0,1,0,0
生成的C值
96092,91474,85018,77165,62263,76092,78520,60032,60624,89624,88775,67277
生成的M'
4099
生成的D值
1815,1296,3038,3383,778,2310,639,2646,3238,3545,2696,1693
L0,L1的值
4,3
[W' 满足 使得 (W*W')MOD M=1] --- 63943
1,1,0,1,0,0,1,1,1,1,1,1
SB值296767, K值456
T的值为456
比较次数1
456
---------------------------------
0,1,1,1,1,0,0,0,0,0,1,0
SB值183256, K值2993
T的值为2993
比较次数1
2993
---------------------------------
1,0,1,1,0,0,1,1,1,0,0,0
SB值204091, K值2462
T的值为2463
比较次数2
2462
---------------------------------
1,0,1,1,0,1,0,0,0,1,0,0
SB值179558, K值1794
T的值为1793
比较次数6
1794
---------------------------------
1,1,1,0,1,1,0,1,1,1,0,0
SB值171060, K值2270
T的值为2268
比较次数7
2270
---------------------------------
1,1,1,1,1,1,0,1,0,1,1,1
SB值328881, K值2705
T的值为2703
比较次数7
2705
---------------------------------
0,1,0,0,1,0,0,1,1,0,1,1
SB值156465, K值50
T的值为50
比较次数1
50
---------------------------------
0,1,0,0,1,0,0,1,1,0,1,0
SB值105049, K值2456
T的值为2455
比较次数6
2456
---------------------------------
0,0,1,1,0,0,0,1,0,0,1,0
SB值154119, K值3565
T的值为3565
比较次数1
3565
---------------------------------
0,1,1,1,0,0,0,1,1,1,0,1
SB值166551, K值2443
T的值为2442
比较次数6
2443
---------------------------------
1,0,1,0,1,0,0,1,1,0,1,0
SB值173165, K值1914
T的值为1915
比较次数2
1914
---------------------------------
1,0,1,1,0,1,1,0,0,0,0,0
SB值237776, K值2987
T的值为2987
比较次数1
2987
---------------------------------
1,1,1,1,1,0,0,1,1,1,0,0
SB值178204, K值3343
T的值为3342
比较次数6
3343
---------------------------------
0,0,0,0,0,1,0,0,1,0,0,0
SB值51163, K值1449
T的值为1448
比较次数6
1449
---------------------------------
1,1,1,0,0,1,1,0,0,1,0,0
SB值202867, K值346
T的值为345
比较次数6
346
---------------------------------
0,1,0,0,1,1,0,0,1,1,1,0
SB值147847, K值1566
T的值为1565
比较次数6
1566
---------------------------------
0,0,0,0,0,1,0,1,1,0,0,0
SB值54357, K值4095
T的值为4094
比较次数6
4095
---------------------------------
1,1,1,1,1,1,1,1,0,1,1,0
SB值337654, K值1651
T的值为1650
比较次数6
1651
---------------------------------
1,1,0,1,1,1,1,0,0,0,1,1
SB值346527, K值2313
T的值为2314
比较次数2
2313
---------------------------------
1,1,0,0,1,0,1,1,1,0,0,0
SB值147879, K值2214
T的值为2214
比较次数1
2214
---------------------------------
0,1,1,1,1,0,0,1,1,0,0,0
SB值131210, K值2082
T的值为2081
比较次数6
2082
---------------------------------
0,1,0,1,1,0,1,1,1,0,1,1
SB值267819, K值4072
T的值为4073
比较次数2
4072
---------------------------------
1,0,0,1,1,0,1,1,0,1,1,1
SB值293386, K值799
T的值为799
比较次数1
799
---------------------------------
1,0,0,0,1,0,1,0,0,1,1,1
SB值239027, K值2968
T的值为2969
比较次数2
2968
---------------------------------
1,1,0,1,1,0,0,0,1,1,1,1
SB值251430, K值2048
T的值为2048
比较次数1
2048
---------------------------------
1,1,0,1,0,0,0,1,0,0,0,1
SB值165083, K值2635
T的值为2634
比较次数6
2635
---------------------------------
1,0,0,0,0,0,0,0,0,1,0,0
SB值46994, K值1261
T的值为1260
比较次数6
1261
---------------------------------
1,1,0,0,0,1,0,1,1,0,1,1
SB值227463, K值3397
T的值为3397
比较次数1
3397
---------------------------------
0,1,0,0,1,0,0,1,0,1,1,0
SB值99878, K值2763
T的值为2761
比较次数7
2763
---------------------------------
0,1,0,1,0,1,0,0,0,0,0,0
SB值109471, K值2890
T的值为2888
比较次数7
2890
---------------------------------
