生成A序列
318056,294683,381804,540802,340366,304644,535602,560427,401622,290366,405128,353254,311728,565246,368998,389482,430068,334780
A背包向量的密度
0.9419882131264447
生成的M值,W值
7127057,2
生成的B序列
636112,589366,763608,1081604,680732,609288,1071204,1120854,803244,580732,810256,706508,623456,1130492,737996,778964,860136,669560
生成的P值,V值
7,141
随机生成的delta序列
1,1,0,1,0,0,0,1,1,1,1,1,0,0,1,0,1,1
生成的C值
6406557,5935758,7690623,10893298,6855943,6136400,10788554,11288601,8089815,5848801,8160436,7115545,6279092,11385669,7432674,7845280,8662799,6743426
生成的M'
262147
生成的R值
131072,0,0,65536,65536,65536,0,65536,65536,0,65536,131072,65536,131072,0,131072,131072,65536
生成的D值
246101,168524,88360,210807,105657,172555,40527,81816,28794,81567,99415,168648,53100,244420,92558,111942,143020,255287
L0,L1的值
16,4
[W' 满足 使得 (W*W')MOD M=1] --- 3563529
0,1,0,1,0,0,0,1,0,1,1,1,1,1,1,1,0,0
SB值8160228, K值2062
T的值为133142
比较次数23
2062
---------------------------------
0,1,0,1,1,1,1,0,0,1,1,1,0,1,0,0,1,0
SB值8120318, K值124405
T的值为255485
比较次数23
124405
---------------------------------
1,1,0,1,1,1,0,0,0,1,1,1,1,1,1,1,0,1
SB值9635066, K值175552
T的值为44489
比较次数39
175552
---------------------------------
0,1,1,1,1,1,0,1,0,0,0,0,0,0,0,0,1,1
SB值6375148, K值177438
T的值为242979
比较次数12
177438
---------------------------------
1,1,0,0,1,1,1,0,1,1,1,0,1,0,1,0,0,1
SB值7811946, K值33350
T的值为33356
比较次数25
33350
---------------------------------
0,0,1,1,0,1,0,1,0,0,0,1,1,1,1,1,1,0
SB值8412906, K值56491
T的值为56500
比较次数37
56491
---------------------------------
1,1,0,1,0,1,1,1,0,1,0,1,0,0,0,1,1,1
SB值8704328, K值107912
T的值为107919
比较次数29
107912
---------------------------------
0,1,1,1,0,0,1,0,0,1,0,0,0,1,0,0,0,0
SB值5217006, K值47764
T的值为113303
比较次数4
47764
---------------------------------
1,1,0,0,1,0,1,0,0,0,1,1,1,1,0,0,1,1
SB值7777822, K值213964
T的值为213972
比较次数33
213964
---------------------------------
1,1,1,1,0,1,1,1,0,0,0,1,0,1,0,1,0,1
SB值9157560, K值216105
T的值为216114
比较次数37
216105
---------------------------------
1,0,1,0,1,1,0,1,0,0,1,1,0,0,0,0,1,0
SB值6187494, K值56984
T的值为188064
比较次数23
56984
---------------------------------
1,0,1,0,0,1,0,1,1,0,1,0,1,1,1,1,0,1
SB值8683830, K值163613
T的值为163622
比较次数37
163613
---------------------------------
0,0,0,0,0,1,0,1,1,0,0,1,0,1,0,0,0,0
SB值4370386, K值171939
T的值为237481
比较次数16
171939
---------------------------------
0,0,0,0,0,0,1,1,0,1,1,1,0,0,1,0,0,1
SB值5697110, K值33377
T的值为229990
比较次数10
33377
---------------------------------
0,1,1,0,1,0,1,1,0,0,1,1,1,0,0,1,1,0
SB值8005084, K值12421
T的值为143502
比较次数27
12421
---------------------------------
0,0,0,0,1,0,0,1,1,1,1,1,0,1,0,1,0,0
SB值6611782, K值135818
T的值为4752
比较次数27
135818
---------------------------------
1,1,0,0,0,1,1,1,0,1,0,0,1,1,1,1,0,0
SB值7878464, K值244522
T的值为178993
比较次数30
244522
---------------------------------
0,0,0,0,1,1,1,0,0,0,1,0,0,0,1,0,1,0
SB值4769612, K值129438
T的值为63905
比较次数14
129438
---------------------------------
0,1,1,0,1,1,1,0,1,0,1,0,1,1,1,0,1,1
SB值9349338, K值181482
T的值为50416
比较次数27
181482
---------------------------------
0,1,0,0,1,0,1,0,1,0,1,0,1,0,0,0,1,1
SB值6107954, K值107883
T的值为173424
比较次数12
107883
---------------------------------
1,1,0,1,1,0,1,1,1,1,1,1,0,1,1,1,1,1
SB值12257760, K值244054
T的值为244064
比较次数41
244054
---------------------------------
1,1,0,0,1,1,1,0,1,1,0,0,1,1,1,0,1,1
SB值8992318, K值59228
T的值为124773
比较次数28
59228
---------------------------------
0,1,0,0,1,0,1,0,1,1,0,0,1,1,1,0,1,0
SB值7077358, K值171726
T的值为237268
比较次数16
171726
---------------------------------
0,0,1,1,1,1,0,1,1,1,1,1,0,1,1,1,1,1
SB值11333974, K值49817
T的值为115364
比较次数36
49817
---------------------------------
1,0,1,1,1,1,0,0,1,0,1,1,1,0,0,0,1,0
SB值7574944, K值5722
T的值为5730
比较次数33
5722
---------------------------------
0,1,0,0,0,0,0,1,1,1,1,1,1,1,1,1,1,0
SB值8742004, K值225216
T的值为225223
比较次数29
225216
---------------------------------
1,1,1,1,0,1,0,1,0,1,1,1,0,1,0,0,1,1
SB值9558516, K值125491
T的值为59962
比较次数30
125491
---------------------------------
0,0,0,1,0,0,0,1,1,1,0,0,0,1,0,1,0,1
SB值6165450, K值228192
T的值为228197
比较次数21
228192
---------------------------------
1,1,1,0,1,1,1,1,1,1,1,1,0,1,1,1,1,0
SB值11879492, K值38875
T的值为104423
比较次数40
38875
---------------------------------
0,0,0,1,1,0,1,0,0,0,1,1,0,0,1,0,0,0
SB值5088300, K值193318
T的值为127785
比较次数14
193318
---------------------------------
