生成A序列
126638,74936,86324,101188,80796,98808,78022,69322,99494,129102,121724,112240,105662,110993,89901,90266
A背包向量的密度
0.9423876146807194
生成的M值,W值
1575417,86
生成的B序列
1438366,142828,1122196,825083,646788,620403,408224,1235441,679399,74853,1015762,200138,1209847,92896,1429818,1461208
生成的P值,V值
5,91
随机生成的delta序列
1,1,0,0,0,0,0,1,1,0,1,0,1,1,0,1
生成的C值
2304812,1363836,1571096,1841621,1470487,1798305,1420000,1261661,1810791,2349656,2215377,2042768,1923049,2020073,1636198,1642842
生成的M'
65537
生成的R值
0,0,0,0,0,0,0,0,0,0,0,0,0,0,0,0
生成的D值
11017,53096,63745,6585,28673,28806,43723,16458,41292,55861,52656,11121,22476,53963,63310,4417
L0,L1的值
4,5
[W' 满足 使得 (W*W')MOD M=1] --- 1483823
1,1,1,0,0,1,0,0,0,0,0,0,1,1,1,0
SB值6056354, K值34265
T的值为34264
比较次数11
34265
---------------------------------
1,0,1,1,0,1,0,1,1,0,1,0,1,1,1,0
SB值9669211, K值32623
T的值为32622
比较次数11
32623
---------------------------------
0,0,1,1,0,0,1,0,0,1,0,0,1,1,1,0
SB值5162917, K值47515
T的值为47516
比较次数3
47515
---------------------------------
0,0,0,0,1,0,0,1,0,1,0,1,0,0,0,0
SB值2157220, K值46576
T的值为46576
比较次数1
46576
---------------------------------
1,0,1,1,1,1,1,1,1,0,0,0,1,1,1,0
SB值9708461, K值52363
T的值为52363
比较次数1
52363
---------------------------------
1,1,1,0,0,1,1,0,1,0,1,0,0,1,0,0
SB值5520074, K值20613
T的值为20612
比较次数11
20613
---------------------------------
1,1,0,1,1,0,1,1,1,1,1,0,0,0,0,1
SB值7927952, K值51630
T的值为51628
比较次数12
51630
---------------------------------
0,0,1,0,1,1,0,1,1,1,1,1,1,0,0,0
SB值6804827, K值58940
T的值为58940
比较次数1
58940
---------------------------------
0,0,0,1,1,1,0,1,1,0,1,0,0,1,1,0
SB值6545590, K值29595
T的值为29595
比较次数1
29595
---------------------------------
0,1,1,1,1,0,1,0,0,0,0,1,1,1,1,1
SB值7539026, K值23424
T的值为23423
比较次数11
23424
---------------------------------
0,0,0,1,0,1,1,1,1,1,0,1,1,0,1,1
SB值8144414, K值31901
T的值为31901
比较次数1
31901
---------------------------------
1,1,0,0,0,1,0,0,1,1,0,0,0,0,0,0
SB值2955849, K值58998
T的值为58997
比较次数11
58998
---------------------------------
1,0,1,0,1,0,0,1,1,0,0,1,1,1,0,0
SB值6625071, K值52134
T的值为52132
比较次数12
52134
---------------------------------
1,0,1,1,1,1,0,0,0,0,0,1,0,0,0,1
SB值6314182, K值23290
T的值为23291
比较次数3
23290
---------------------------------
0,0,0,1,0,1,1,0,1,0,1,1,0,0,0,0
SB值3749009, K值53109
T的值为53110
比较次数3
53109
---------------------------------
1,1,0,1,0,1,0,0,0,0,1,0,0,1,0,1
SB值5596546, K值13929
T的值为13927
比较次数12
13929
---------------------------------
1,0,1,1,1,0,0,1,1,1,0,1,0,1,1,0
SB值7744978, K值24340
T的值为24340
比较次数1
24340
---------------------------------
1,0,0,1,0,0,1,0,1,1,0,1,0,1,1,0
SB值5148777, K值24724
T的值为24724
比较次数1
24724
---------------------------------
1,0,1,0,0,1,1,1,0,1,1,1,1,0,0,1
SB值8786438, K值48132
T的值为48131
比较次数11
48132
---------------------------------
0,1,1,0,0,0,0,1,1,0,1,0,0,0,1,1
SB值7086652, K值32826
T的值为32824
比较次数12
32826
---------------------------------
0,1,0,0,0,0,0,1,0,1,0,0,0,1,1,0
SB值2975836, K值46077
T的值为46075
比较次数12
46077
---------------------------------
1,1,1,0,1,0,0,0,1,1,0,0,1,1,0,1
SB值6868381, K值6855
T的值为6853
比较次数12
6855
---------------------------------
1,1,1,1,0,1,1,0,0,1,0,1,0,1,0,0
SB值4924987, K值232
T的值为233
比较次数3
232
---------------------------------
0,0,1,1,0,0,0,0,1,1,1,0,0,1,1,0
SB值5240007, K值9727
T的值为9728
比较次数3
9727
---------------------------------
0,1,1,1,0,1,0,0,0,0,1,1,0,0,1,0
SB值5356228, K值17171
T的值为17172
比较次数3
17171
---------------------------------
1,0,0,1,0,1,0,1,0,1,0,0,1,0,1,1
SB值8295019, K值12319
T的值为12318
比较次数11
12319
---------------------------------
0,1,1,0,1,1,0,0,0,1,1,0,1,1,1,1
SB值7816599, K值33781
T的值为33780
比较次数11
33781
---------------------------------
0,0,0,1,0,0,0,1,1,0,1,0,1,1,0,0
SB值5058428, K值62356
T的值为62354
比较次数12
62356
---------------------------------
0,1,1,1,0,1,0,0,1,1,0,1,0,0,0,0
SB值3664900, K值63895
T的值为63896
比较次数3
63895
---------------------------------
0,1,0,1,0,0,0,1,1,1,0,1,0,0,1,0
SB值4587560, K值51112
T的值为51111
比较次数11
51112
---------------------------------
