生成A序列
6577,4371,5315,6260,4615,6875,6526,4579,6017,5212,4299,4906
A背包向量的密度
0.9413873414866084
生成的M值,W值
65553,67
生成的B序列
47341,30645,28340,26102,46993,1754,43924,44581,9821,21439,25821,937
生成的P值,V值
8,113
随机生成的delta序列
0,1,0,0,1,0,1,1,1,1,1,0
生成的C值
92900,61741,75074,88422,65187,97109,92180,64679,84991,73620,60724,69297
生成的M'
4099
生成的R值
1638,0,819,819,819,0,2457,2457,0,0,819,1638
生成的D值
261,256,2111,3162,422,2832,360,1552,3011,3937,58,1252
L0,L1的值
10,4
[W' 满足 使得 (W*W')MOD M=1] --- 60661
1,0,1,1,1,1,0,1,1,0,0,0
SB值204932, K值1054
T的值为2699
比较次数19
1054
---------------------------------
1,0,1,0,1,1,0,0,0,1,0,1
SB值146804, K值2617
T的值为1802
比较次数22
2617
---------------------------------
1,1,0,1,0,1,0,1,0,1,0,0
SB值171862, K值3802
T的值为2986
比较次数17
3802
---------------------------------
0,1,1,0,0,0,0,0,0,1,1,1
SB值107182, K值3515
T的值为237
有问题
---------------------------------
1,0,0,1,1,1,0,1,0,1,1,1
SB值214968, K值1179
T的值为1186
比较次数36
1179
---------------------------------
1,0,1,1,0,0,0,0,0,1,1,1
SB值149980, K值2583
T的值为949
比较次数23
2583
---------------------------------
1,1,0,0,0,0,0,1,0,1,0,0
SB值144006, K值1907
T的值为1909
比较次数11
1907
---------------------------------
1,0,0,1,1,1,1,0,0,0,1,0
SB值191935, K值2996
T的值为543
比较次数24
2996
---------------------------------
1,1,0,1,0,1,1,0,0,0,1,0
SB值175587, K值2830
T的值为1195
比较次数18
2830
---------------------------------
0,1,1,1,0,1,1,1,0,0,1,1
SB值202104, K值3385
T的值为2573
比较次数37
3385
---------------------------------
0,1,0,0,0,0,0,0,0,1,1,0
SB值77905, K值152
T的值为3430
比较次数61
152
---------------------------------
1,0,1,1,1,0,0,0,0,0,0,0
SB值148776, K值1857
T的值为1861
比较次数21
1857
---------------------------------
0,1,0,1,0,0,1,1,1,1,1,0
SB值202333, K值39
T的值为1682
比较次数9
39
---------------------------------
0,1,1,0,0,0,1,1,0,0,1,1
SB值174248, K值1490
T的值为1496
比较次数31
1490
---------------------------------
1,1,0,0,1,1,1,0,1,0,1,1
SB值207236, K值254
T的值为1079
比较次数15
254
---------------------------------
1,0,0,1,0,1,1,0,1,1,0,1
SB值151318, K值2518
T的值为64
比较次数19
2518
---------------------------------
0,0,0,1,0,1,1,0,1,0,1,0
SB值107422, K值1225
T的值为1228
比较次数16
1225
---------------------------------
1,1,0,1,1,1,1,0,1,1,0,0
SB值228019, K值1944
T的值为308
比较次数13
1944
---------------------------------
1,0,0,1,0,0,1,0,1,1,1,1
SB值175385, K值3843
T的值为569
比较次数15
3843
---------------------------------
1,1,1,0,1,0,1,1,1,1,1,0
SB值298905, K值3770
T的值为2955
比较次数22
3770
---------------------------------
1,0,1,1,0,1,0,1,1,0,0,1
SB值158876, K值1884
T的值为2711
比较次数25
1884
---------------------------------
0,1,0,0,1,1,0,1,1,1,1,1
SB值181991, K值1023
T的值为3485
比较次数8
1023
---------------------------------
0,1,1,1,0,0,0,1,0,1,1,0
SB值176928, K值2878
T的值为2061
比较次数12
2878
---------------------------------
0,1,1,1,1,1,1,1,0,1,0,1
SB值244715, K值3587
T的值为2775
比较次数37
3587
---------------------------------
0,1,1,0,0,1,1,0,0,1,1,0
SB值151923, K值1356
T的值为1358
比较次数11
1356
---------------------------------
0,0,1,1,1,0,1,0,1,0,0,0
SB值155180, K值868
T的值为52
比较次数17
868
---------------------------------
1,0,0,1,0,1,1,1,0,0,1,1
SB值190460, K值1279
T的值为3747
比较次数38
1279
---------------------------------
0,1,0,0,1,0,0,1,0,1,1,1
SB值170416, K值3378
T的值为1741
比较次数8
3378
---------------------------------
1,0,0,1,0,1,0,0,1,0,0,1
SB值85955, K值2320
T的值为2324
比较次数21
2320
---------------------------------
0,1,1,0,0,0,0,1,0,0,1,1
SB值130324, K值1130
T的值为3593
比较次数13
1130
---------------------------------
