生成A序列
3240,2179,2381,2538,2552,2357,3252,2204,2337,2151,2692
A背包向量的密度
0.9428211910317967
生成的M值,W值
27884,11
生成的B序列
7756,23969,26191,34,188,25927,7888,24244,25707,23661,1728
生成的P值,V值
2,27
随机生成的delta序列
1,0,1,1,1,0,0,1,0,0,0
生成的C值
43740,29416,32144,34263,34452,31819,43902,29754,31549,29038,36342
生成的M'
2053
生成的R值
820,820,820,820,410,1230,0,0,410,0,410
生成的D值
1447,1494,116,182,2014,201,789,1012,1164,296,1851
L0,L1的值
9,1
[W' 满足 使得 (W*W')MOD M=1] --- 2535
1,0,0,0,0,0,0,1,0,0,0
SB值32000, K值406
T的值为1639
比较次数3
406
---------------------------------
1,0,0,0,0,0,0,1,0,1,0
SB值55661, K值702
T的值为1935
比较次数3
702
---------------------------------
0,0,0,1,0,0,0,1,0,1,1
SB值49667, K值1288
T的值为58
比较次数4
1288
---------------------------------
0,1,1,1,1,0,0,0,1,0,1
SB值77817, K值662
T的值为1078
比较次数20
662
---------------------------------
1,1,1,0,1,0,0,0,1,0,0
SB值83811, K值76
T的值为902
比较次数19
76
---------------------------------
1,0,1,0,1,0,1,1,1,1,1
SB值117363, K值477
T的值为1713
比较次数18
477
---------------------------------
0,1,1,0,1,1,0,0,1,1,1
SB值127371, K值977
T的值为984
比较次数36
977
---------------------------------
0,0,0,1,0,0,1,1,0,1,0
SB值55827, K值226
T的值为1459
比较次数3
226
---------------------------------
0,1,0,1,1,1,1,0,0,0,1
SB值59734, K值372
T的值为789
比较次数25
372
---------------------------------
1,1,1,0,0,0,0,0,0,1,1
SB值83305, K值1098
T的值为281
比较次数18
1098
---------------------------------
0,1,0,1,1,1,0,0,1,1,1
SB值101214, K值1043
T的值为1051
比较次数41
1043
---------------------------------
0,0,0,0,0,0,0,1,1,0,1
SB值51679, K值1974
T的值为1154
比较次数3
1974
---------------------------------
0,1,1,0,0,1,1,1,0,0,0
SB值108219, K值1559
T的值为742
比较次数18
1559
---------------------------------
1,1,1,1,1,0,1,0,1,0,0
SB值91733, K值1047
T的值为1053
比较次数31
1047
---------------------------------
1,0,0,1,0,1,1,0,1,0,1
SB值69040, K值1528
T的值为1945
比较次数25
1528
---------------------------------
0,1,1,1,0,0,1,1,1,0,1
SB值109761, K值449
T的值为1275
比较次数19
449
---------------------------------
1,0,0,0,0,0,1,0,1,1,0
SB值65012, K值1643
T的值为414
比较次数9
1643
---------------------------------
0,0,0,1,1,1,0,1,0,1,1
SB值75782, K值1450
T的值为634
比较次数23
1450
---------------------------------
0,1,1,1,1,0,0,1,1,0,0
SB值100333, K值1876
T的值为649
比较次数19
1876
---------------------------------
0,1,0,0,0,0,0,0,0,1,0
SB值47630, K值1790
T的值为971
比较次数8
1790
---------------------------------
0,1,1,1,1,1,0,0,1,1,0
SB值125677, K值1361
T的值为958
比较次数37
1361
---------------------------------
1,0,1,1,0,0,0,1,1,0,1
SB值85660, K值1666
T的值为439
比较次数19
1666
---------------------------------
1,1,1,1,0,1,0,1,0,0,1
SB值109849, K值144
T的值为1383
比较次数33
144
---------------------------------
1,1,0,1,0,0,0,1,1,0,0
SB值81710, K值1193
T的值为377
比较次数23
1193
---------------------------------
1,1,0,1,0,1,0,0,1,0,1
SB值85121, K值180
T的值为1830
比较次数37
180
---------------------------------
0,1,1,0,1,1,1,0,1,0,0
SB值109870, K值1672
T的值为36
比较次数25
1672
---------------------------------
0,0,1,0,1,1,0,0,0,0,0
SB值52306, K值278
T的值为1924
比较次数17
278
---------------------------------
1,1,0,1,1,0,1,1,1,0,0
SB值89786, K值1943
T的值为717
比较次数24
1943
---------------------------------
1,1,1,0,1,1,1,1,1,0,0
SB值141870, K值25
T的值为1675
比较次数37
25
---------------------------------
0,0,1,0,1,1,1,0,0,0,0
SB值60194, K值1067
T的值为660
比较次数17
1067
---------------------------------
