生成A序列
56045,49574,45314,37192,61524,38805,36135,46316,58435,55645,38599,35852,55619,60099,35438
A背包向量的密度
0.942870728200316
生成的M值,W值
710593,23
生成的B序列
578442,429609,331629,144823,704459,181922,120512,354675,633412,569242,177184,114003,568644,671684,104481
生成的P值,V值
3,52
随机生成的delta序列
1,1,1,0,0,1,1,0,1,1,1,1,0,0,1
生成的C值
971447,859283,785443,644661,1066416,672620,626340,802810,1012874,964514,669050,621435,964062,1041716,614259
生成的M'
32771
生成的R值
16384,16384,0,0,16384,16384,8192,16384,8192,0,8192,8192,16384,16384,16384
生成的D值
4701,23621,31710,22012,1357,813,11883,32690,5165,14155,21822,6978,30087,9428,7994
L0,L1的值
17,4
[W' 满足 使得 (W*W')MOD M=1] --- 617907
1,1,0,1,1,1,0,0,0,1,0,0,1,1,1
SB值3953306, K值15855
T的值为32250
比较次数35
15855
---------------------------------
1,0,1,1,0,0,0,0,0,1,1,1,0,1,0
SB值2587007, K值12493
T的值为28881
比较次数7
12493
---------------------------------
0,1,1,1,0,0,1,0,0,1,0,0,0,0,0
SB值1595815, K值5068
T的值为13262
有问题
---------------------------------
0,0,0,0,1,1,1,0,1,0,1,0,1,1,1
SB值3162298, K值23007
T的值为14823
比较次数34
23007
---------------------------------
1,0,0,0,0,1,0,1,0,0,0,1,1,0,0
SB值1797686, K值9727
T的值为1541
比较次数26
9727
---------------------------------
0,0,1,1,0,0,1,0,1,1,1,0,1,1,1
SB值3321611, K值23172
T的值为14984
比较次数18
23172
---------------------------------
0,0,1,1,0,0,0,0,1,0,0,0,1,0,1
SB值1782989, K值31426
T的值为23236
比较次数10
31426
---------------------------------
1,0,1,1,0,1,1,0,0,0,0,1,1,1,1
SB值2816140, K值27293
T的值为27301
比较次数33
27293
---------------------------------
1,1,0,1,1,0,0,1,0,1,1,0,1,1,0
SB值4198762, K值28789
T的值为20605
比较次数34
28789
---------------------------------
1,0,0,0,1,0,0,1,1,1,1,0,1,0,1
SB值3690539, K值19658
T的值为19665
比较次数29
19658
---------------------------------
1,0,1,1,0,1,1,1,1,1,1,1,0,1,1
SB值3982009, K值5496
T的值为21889
比较次数27
5496
---------------------------------
1,0,0,0,1,0,1,0,0,0,0,1,0,1,1
SB值2293581, K值9570
T的值为25962
比较次数23
9570
---------------------------------
1,1,1,0,0,0,0,1,0,1,0,1,0,0,0
SB值2377600, K值15542
T的值为23738
比较次数8
15542
---------------------------------
0,1,0,0,0,1,0,0,0,0,1,1,0,1,1
SB值1678883, K值5114
T的值为21505
比较次数19
5114
---------------------------------
0,0,0,0,1,0,1,1,1,0,0,0,0,1,0
SB值2484742, K值27752
T的值为27758
比较次数25
27752
---------------------------------
1,0,0,1,1,0,0,0,0,0,1,0,1,1,0
SB值2845236, K值23865
T的值为15679
比较次数26
23865
---------------------------------
1,0,0,0,0,1,1,0,1,0,0,0,0,1,0
SB值2185972, K值31990
T的值为31995
比较次数21
31990
---------------------------------
0,1,1,1,1,0,1,1,0,0,1,0,1,0,0
SB值2831535, K值11327
T的值为27720
比较次数27
11327
---------------------------------
0,0,1,0,1,1,1,1,1,1,1,0,0,0,0
SB值3073035, K值21282
T的值为13094
比较次数18
21282
---------------------------------
1,1,1,1,1,1,1,1,1,0,1,0,1,0,1
SB值4329792, K值30000
T的值为21819
比较次数46
30000
---------------------------------
1,1,0,1,0,1,1,0,0,0,0,0,0,1,1
SB值2231473, K值14910
T的值为23110
比较次数24
14910
---------------------------------
1,0,1,1,0,1,0,1,1,0,1,1,0,0,1
SB值2620571, K值2801
T的值为11000
比较次数20
2801
---------------------------------
1,1,1,0,0,0,0,1,1,0,0,1,0,1,0
SB值3113454, K值15980
T的值为32371
比较次数19
15980
---------------------------------
0,1,1,0,0,1,0,1,0,0,0,0,1,0,1
SB值1970960, K值28602
T的值为12224
比较次数27
28602
---------------------------------
1,0,1,0,1,0,1,1,0,0,1,1,1,1,0
SB值3621232, K值19572
T的值为11388
比较次数34
19572
---------------------------------
0,1,0,1,0,1,0,0,0,1,1,0,0,0,0
SB值1502780, K值16881
T的值为8690
比较次数6
16881
---------------------------------
0,1,0,0,1,1,0,1,1,0,0,1,0,1,1
SB值3194245, K值22504
T的值为6128
比较次数35
22504
---------------------------------
0,1,0,1,0,0,1,1,1,0,1,0,0,0,0
SB值1860215, K值18880
T的值为27077
比较次数12
18880
---------------------------------
1,1,0,0,1,1,1,1,1,1,0,0,0,0,0
SB值3572273, K值28843
T的值为28850
比较次数29
28843
---------------------------------
1,0,0,0,1,1,0,1,0,0,1,1,0,0,1
SB值2215166, K值10813
T的值为10821
比较次数33
10813
---------------------------------
