生成A序列
11348,8632,8912,13486,13563,13480,12189,13261,10914,13397,13183,12798,8868
A背包向量的密度
0.9470118666575642
生成的M值,W值
154032,67
生成的B序列
144188,116248,135008,133402,138561,133000,46503,118327,115110,127439,113101,87306,132060
生成的P值,V值
4,61
随机生成的delta序列
1,0,1,0,1,1,0,0,0,1,1,1,1
生成的C值
173057,131638,135908,205661,206836,205570,185882,202230,166438,204305,201041,195170,135237
生成的M'
8201
生成的R值
4100,2050,2050,3075,3075,0,4100,5125,5125,4100,6150,3075,6150
生成的D值
4936,2472,6742,3711,4886,545,1359,2330,7543,3380,2166,1421,1970
L0,L1的值
7,2
[W' 满足 使得 (W*W')MOD M=1] --- 2299
0,0,0,0,1,0,1,1,0,0,1,1,1
SB值635858, K值5931
T的值为2858
比较次数20
5931
---------------------------------
0,1,1,0,1,0,1,1,0,0,0,0,1
SB值686707, K值3357
T的值为5410
比较次数23
3357
---------------------------------
1,1,1,0,0,1,1,0,0,0,0,0,0
SB值574947, K值7853
T的值为3754
比较次数13
7853
---------------------------------
1,0,1,1,0,0,0,0,0,1,0,0,0
SB值540037, K值2367
T的值为5443
比较次数6
2367
---------------------------------
1,0,1,0,1,0,1,1,0,0,0,1,1
SB值801953, K值7242
T的值为4169
比较次数20
7242
---------------------------------
1,1,1,1,1,0,0,1,1,1,0,1,1
SB值1247649, K值6587
T的值为1465
比较次数30
6587
---------------------------------
0,0,0,1,0,1,0,1,1,1,1,1,0
SB值827685, K值4694
T的值为2646
比较次数19
4694
---------------------------------
1,1,0,0,1,1,1,1,0,0,0,0,1
SB值828887, K值2096
T的值为2099
比较次数25
2096
---------------------------------
0,1,0,0,1,0,0,1,0,0,1,0,1
SB值618297, K值5623
T的值为7675
比较次数15
5623
---------------------------------
1,0,1,1,1,0,0,1,1,0,1,1,1
SB值1117063, K值2901
T的值为5981
比较次数38
2901
---------------------------------
0,0,0,0,1,1,0,0,1,0,0,1,0
SB值473977, K值6194
T的值为3119
比较次数4
6194
---------------------------------
0,1,1,0,0,1,0,0,1,0,1,0,0
SB值612467, K值3066
T的值为4093
比较次数16
3066
---------------------------------
0,0,0,1,0,0,1,1,0,1,1,1,0
SB值626078, K值6166
T的值为5143
比较次数18
6166
---------------------------------
1,0,1,1,0,1,1,0,0,1,0,1,1
SB值938906, K值7662
T的值为5614
比较次数19
7662
---------------------------------
1,1,0,1,0,1,1,1,1,1,0,0,0
SB值934217, K值1673
T的值为6802
比较次数28
1673
---------------------------------
0,1,0,0,1,0,0,0,1,1,0,1,0
SB值584664, K值3300
T的值为2276
比较次数10
3300
---------------------------------
1,1,1,1,0,1,0,0,0,0,0,0,0
SB值661846, K值2004
T的值为7131
比较次数12
2004
---------------------------------
1,0,0,0,1,1,0,0,0,0,1,0,1
SB值660910, K值6302
T的值为3228
比较次数12
6302
---------------------------------
0,0,1,0,0,0,1,0,1,0,1,1,1
SB值629088, K值4799
T的值为2752
比较次数27
4799
---------------------------------
0,0,0,1,1,0,1,1,1,1,1,1,0
SB值879749, K值2193
T的值为1171
比较次数26
2193
---------------------------------
0,1,0,0,1,0,0,1,1,1,0,1,0
SB值702991, K值5630
T的值为7682
比较次数15
5630
---------------------------------
0,1,0,1,0,0,0,1,1,1,0,0,0
SB值610526, K值3034
T的值为8162
比较次数20
3034
---------------------------------
1,1,0,0,1,0,0,1,1,1,1,0,0
SB值872974, K值3110
T的值为6188
比较次数22
3110
---------------------------------
0,1,1,0,0,1,0,0,1,0,0,0,1
SB值631426, K值2870
T的值为3897
比较次数16
2870
---------------------------------
1,0,1,0,0,0,0,0,1,1,0,1,0
SB值609051, K值7620
T的值为5571
比较次数11
7620
---------------------------------
1,0,0,0,0,1,1,1,1,0,0,0,0
SB值557128, K值311
T的值为6465
比较次数27
311
---------------------------------
1,1,1,0,1,1,0,0,1,1,0,1,0
SB值996860, K值7322
T的值为148
比较次数16
7322
---------------------------------
0,0,0,1,0,1,1,1,1,0,0,1,1
SB值765708, K值2477
T的值为431
比较次数35
2477
---------------------------------
0,1,1,1,1,0,0,0,1,0,1,0,1
SB值883490, K值4887
T的值为1815
比较次数28
4887
---------------------------------
1,1,1,1,1,1,0,0,1,0,0,1,1
SB值1134883, K值1422
T的值为5526
比较次数29
1422
---------------------------------
