生成A序列
716764,557370,1181728,895659,846998,931159,955238,586498,717206,579536,1150812,901632,735712,801953,695010,854378,879404,1180385,682740
A背包向量的密度
0.9418778773787126
生成的M值,W值
15850183,89
生成的B序列
391264,2055381,10072694,462736,11982090,3622236,5765267,4647773,430602,4028155,7321170,994333,2077636,7973085,14305341,12638910,14866224,9953167,13213311
生成的P值,V值
4,85
随机生成的delta序列
0,1,0,1,0,1,1,1,1,0,0,1,0,1,1,1,1,0,0
生成的C值
15231235,11844113,25111720,19032754,17998707,19787129,20298808,12463083,15240628,12315140,24454755,19159680,15633880,17041502,14768963,18155533,18687335,25083181,14508225
生成的M'
524309
生成的R值
0,174769,174769,0,0,174769,174769,0,0,174769,0,174769,0,0,174769,0,0,174769,0
生成的D值
26274,484084,119657,157630,172201,38156,25526,403976,35667,430802,336541,459325,428919,263614,263080,329027,336520,91118,351882
L0,L1的值
5,5
[W' 满足 使得 (W*W')MOD M=1] --- 3205655
0,0,0,1,0,0,0,1,1,0,1,0,0,0,1,1,1,1,0
SB值64625923, K值380632
T的值为31092
有问题
---------------------------------
1,0,1,1,1,0,1,0,1,1,1,1,0,0,0,1,0,1,0
SB值64040388, K值86532
T的值为261304
比较次数6
86532
---------------------------------
1,1,1,0,0,1,0,0,0,0,0,0,1,1,1,0,0,1,1
SB值63664115, K值493857
T的值为144319
比较次数3
493857
---------------------------------
1,0,1,1,0,0,1,0,0,1,0,0,1,1,1,1,0,1,0
SB值67668255, K值38411
T的值为213181
有问题
---------------------------------
1,1,0,1,1,0,1,1,0,1,1,1,0,1,0,1,0,0,0
SB值58260164, K值467455
T的值为292685
比较次数20
467455
---------------------------------
0,1,0,0,0,1,0,1,1,1,0,0,0,1,0,0,1,0,0
SB值37623456, K值419892
T的值为419891
比较次数19
419892
---------------------------------
1,1,0,0,1,0,1,1,1,1,1,1,1,1,0,1,1,1,0
SB值85125057, K值153431
T的值为328201
有问题
---------------------------------
0,1,1,1,0,0,1,0,1,1,1,0,0,1,0,1,1,0,1
SB值78827535, K值249405
T的值为74635
比较次数20
249405
---------------------------------
1,0,0,1,1,0,0,1,1,0,1,1,0,1,0,0,0,1,1
SB值57369531, K值200992
T的值为375761
有问题
---------------------------------
1,1,0,0,0,0,0,0,1,0,1,1,1,1,0,0,1,1,0
SB值46062862, K值364826
T的值为364826
比较次数1
364826
---------------------------------
1,1,1,1,1,0,0,1,0,1,1,1,1,1,0,1,1,1,0
SB值89464618, K值369525
T的值为19987
比较次数3
369525
---------------------------------
1,1,0,1,1,1,1,1,1,1,0,0,1,1,0,1,1,1,0
SB值80894526, K值77660
T的值为252430
有问题
---------------------------------
0,0,0,1,1,0,0,1,1,0,0,1,0,0,1,1,0,1,0
SB值55414952, K值339097
T的值为339097
比较次数1
339097
---------------------------------
0,0,1,0,1,0,1,0,0,0,1,1,1,1,1,0,0,0,1
SB值73704927, K值323509
T的值为148740
比较次数2
323509
---------------------------------
1,1,0,1,1,1,0,1,0,0,0,1,0,0,0,1,0,0,1
SB值50008034, K值325319
T的值为325319
比较次数1
325319
---------------------------------
1,1,0,0,1,1,1,0,0,0,1,0,0,0,0,0,1,0,0
SB值46003632, K值370684
T的值为370685
比较次数4
370684
---------------------------------
1,1,1,0,1,1,0,0,0,1,1,0,0,0,1,1,0,1,0
SB值76370408, K值193704
T的值为193707
比较次数10
193704
---------------------------------
1,1,0,0,0,0,1,1,1,1,1,0,1,0,0,1,0,1,0
SB值49309325, K值494698
T的值为319928
比较次数20
494698
---------------------------------
1,1,1,0,1,1,1,1,0,0,1,0,1,1,1,0,0,1,0
SB值80167104, K值31601
T的值为31602
比较次数4
31601
---------------------------------
0,0,1,1,1,0,0,1,1,1,0,1,0,0,0,0,1,1,0
SB值57437774, K值109660
T的值为459201
比较次数5
109660
---------------------------------
0,0,0,0,0,1,1,1,1,0,0,1,1,0,1,0,0,1,0
SB值41796355, K值172840
T的值为347611
比较次数3
172840
---------------------------------
1,1,0,1,0,0,1,1,0,0,1,0,1,0,1,1,1,0,0
SB值64531702, K值170032
T的值为170031
比较次数19
170032
---------------------------------
0,0,1,0,1,1,1,1,1,1,0,1,0,0,0,1,1,0,0
SB值69048284, K值253621
T的值为428392
比较次数3
253621
---------------------------------
1,1,0,0,1,0,0,1,0,0,1,1,1,0,1,1,0,0,1
SB值69627209, K值109455
T的值为109455
比较次数1
109455
---------------------------------
0,1,0,0,0,1,1,1,0,1,1,0,1,0,1,0,0,1,1
SB值66989437, K值232539
T的值为232541
比较次数7
232539
---------------------------------
0,1,0,1,0,0,1,0,0,0,1,0,1,1,0,1,0,1,0
SB值48247352, K值19223
T的值为19222
比较次数19
19223
---------------------------------
1,1,0,1,1,1,0,1,0,0,1,0,1,0,1,1,1,1,0
SB值84323928, K值445981
T的值为271212
比较次数2
445981
---------------------------------
0,1,0,0,0,1,1,1,1,0,1,1,0,0,0,1,1,0,0
SB值52341896, K值351586
T的值为176816
比较次数20
351586
---------------------------------
0,1,1,1,0,0,0,0,1,1,1,1,0,0,0,0,0,1,0
SB值35318238, K值17588
T的值为192360
比较次数6
17588
---------------------------------
0,0,1,1,0,1,0,0,1,1,0,0,0,0,0,0,1,1,1
SB值56649125, K值512814
T的值为338046
比较次数5
512814
---------------------------------
