生成A序列
1334864,2360014,1862614,2103144,2157285,1365065,1923900,1800379,2283672,1189610,1180883,1506176,1616995,1802402,1683761,1523552,1625358,1586180,2322394,2478862
A背包向量的密度
0.9415643274256036
生成的M值,W值
35707111,3
生成的B序列
4004592,7080042,5587842,6309432,6471855,4095195,5771700,5401137,6851016,3568830,3542649,4518528,4850985,5407206,5051283,4570656,4876074,4758540,6967182,7436586
生成的P值,V值
2,45
随机生成的delta序列
1,1,1,0,0,0,0,0,1,0,1,1,1,0,1,1,1,1,0,0
生成的C值
30034440,53100315,41908815,47320740,48538912,30713962,43287750,40508527,51382620,26766225,26569868,33888960,36382388,40554045,37884623,34279920,36570555,35689050,52253865,55774395
生成的M'
1048577
生成的R值
0,349525,0,0,349525,349525,349525,349525,349525,349525,349525,0,349525,0,349525,349525,349525,0,0,0
生成的D值
674284,1020990,1014312,134775,653895,654754,645618,1012126,351872,901325,704968,334496,31718,708119,485376,26404,219885,37432,873592,199814
L0,L1的值
10,2
[W' 满足 使得 (W*W')MOD M=1] --- 23804741
1,1,1,1,1,1,1,1,0,0,1,1,0,1,0,0,0,0,0,1
SB值65626764, K值418112
T的值为418117
比较次数16
418112
---------------------------------
0,1,0,1,1,1,1,1,1,0,0,1,0,1,0,1,0,1,0,0
SB值61235307, K值337596
T的值为1036653
比较次数17
337596
---------------------------------
1,1,1,0,1,1,0,0,1,1,0,0,1,0,1,0,1,0,0,0
SB值52437714, K值765526
T的值为66480
比较次数15
765526
---------------------------------
0,1,1,1,1,1,1,0,1,1,1,1,0,0,1,0,0,0,1,0
SB值65815554, K值435934
T的值为785465
比较次数15
435934
---------------------------------
1,0,0,0,1,1,0,0,0,1,1,0,0,1,1,1,0,0,1,1
SB值51116034, K值639646
T的值为639650
比较次数13
639646
---------------------------------
1,1,1,0,0,0,1,0,0,1,1,1,0,0,1,1,0,0,0,1
SB值51132708, K值764702
T的值为764705
比较次数10
764702
---------------------------------
1,0,1,1,0,1,0,1,1,0,1,0,0,1,0,0,0,1,0,0
SB值45957609, K值49757
T的值为748811
比较次数8
49757
---------------------------------
1,1,1,1,0,0,0,1,1,0,0,1,0,0,1,1,0,1,0,1
SB值61569654, K值48996
T的值为398525
比较次数9
48996
---------------------------------
0,1,0,1,1,1,0,1,1,0,1,1,1,0,0,1,0,1,1,0
SB值65417217, K值594137
T的值为943668
比较次数15
594137
---------------------------------
1,1,0,0,1,0,1,1,0,1,1,1,0,1,1,0,1,1,1,1
SB值74856204, K值83304
T的值为432835
比较次数15
83304
---------------------------------
1,0,1,0,0,0,0,0,1,1,1,1,0,0,0,1,1,0,0,1
SB值44956773, K值233052
T的值为582580
比较次数6
233052
---------------------------------
0,0,1,0,1,0,1,1,1,0,1,0,1,1,0,1,1,1,1,1
SB值72493428, K值188293
T的值为537824
比较次数15
188293
---------------------------------
0,1,1,1,1,0,0,1,0,1,1,1,1,0,0,0,1,1,0,0
SB值56965914, K值823037
T的值为473516
比较次数14
823037
---------------------------------
1,0,0,0,1,1,0,1,0,1,0,0,0,0,0,1,1,0,0,1
SB值40424925, K值148179
T的值为148184
比较次数16
148179
---------------------------------
0,0,1,1,0,1,1,1,0,0,0,1,0,1,0,0,0,0,1,1
SB值51494808, K值334721
T的值为334724
比较次数10
334721
---------------------------------
0,1,0,1,1,1,0,0,1,1,0,1,1,0,1,0,0,0,0,1
SB值56233752, K值574707
T的值为225186
比较次数14
574707
---------------------------------
0,1,1,1,0,1,1,1,1,1,0,1,1,0,1,1,0,1,1,0
SB值75382368, K值184751
T的值为184757
比较次数19
184751
---------------------------------
0,0,1,0,0,0,1,0,1,0,1,1,1,1,1,1,1,1,1,1
SB值70190247, K值390721
T的值为41198
比较次数8
390721
---------------------------------
0,0,1,1,1,1,1,1,1,1,0,1,1,0,0,0,1,1,0,1
SB值70497720, K值949137
T的值为250092
比较次数18
949137
---------------------------------
0,0,0,1,1,1,0,0,0,0,0,0,1,1,0,1,0,0,0,1
SB值39141915, K值312325
T的值为1011379
比较次数8
312325
---------------------------------
0,1,1,0,0,1,1,1,0,1,1,1,1,1,0,1,1,0,1,1
SB值73674612, K值1008082
T的值为1008088
比较次数19
1008082
---------------------------------
0,0,0,1,1,1,1,1,0,1,1,0,1,0,1,0,1,1,1,0
SB值61664862, K值64002
T的值为64008
比较次数19
64002
---------------------------------
0,1,1,1,1,0,1,1,1,0,0,1,0,0,0,0,1,0,1,1
SB值67271394, K值169913
T的值为169918
比较次数16
169913
---------------------------------
0,1,1,0,0,0,0,1,1,0,0,1,0,0,0,1,0,0,1,0
SB值40976403, K值439484
T的值为89961
比较次数8
439484
---------------------------------
0,1,0,0,1,1,1,0,1,1,1,1,0,0,0,1,0,0,1,1
SB值60874239, K值76266
T的值为425797
比较次数15
76266
---------------------------------
0,0,1,1,0,1,1,0,1,0,0,0,1,1,0,0,1,1,0,0
SB值48507990, K值652754
T的值为1002283
比较次数9
652754
---------------------------------
1,0,0,1,1,0,0,1,1,1,1,0,0,0,0,0,1,1,0,0
SB值45784125, K值496254
T的值为496258
比较次数13
496254
---------------------------------
1,1,0,1,0,0,1,1,1,1,0,1,1,1,0,1,1,1,0,1
SB值75405324, K值7396
T的值为356927
比较次数15
7396
---------------------------------
0,0,0,1,1,1,0,1,1,1,0,1,1,0,0,0,0,0,0,0
SB值42066978, K值929230
T的值为929235
比较次数16
929230
---------------------------------
0,1,0,1,1,1,1,1,0,1,0,1,1,1,1,0,0,1,1,0
SB值70251915, K值154177
T的值为503708
比较次数15
154177
---------------------------------
