生成A序列
165330,250799,215217,261698,232320,174918,255999,189206,197868,135150,201702,132655,200855,223957,247021,167920,162031
A背包向量的密度
0.9445733591229344
生成的M值,W值
3414647,3
生成的B序列
495990,752397,645651,785094,696960,524754,767997,567618,593604,405450,605106,397965,602565,671871,741063,503760,486093
生成的P值,V值
9,172
随机生成的delta序列
0,1,0,1,1,0,1,0,0,1,0,1,1,0,0,0,1
生成的C值
3159640,4793048,4113036,5001340,4439894,3342877,4892426,3615936,3781477,2582867,3854749,2535185,3838563,4280067,4720845,3209137,3096593
生成的M'
131077
生成的R值
26215,52430,26215,0,0,26215,78645,52430,26215,0,0,78645,0,0,52430,0,0
生成的D值
40007,126706,75864,20414,114353,92167,121222,129287,6459,92404,53516,123367,37330,85603,54503,63289,81822
L0,L1的值
10,5
[W' 满足 使得 (W*W')MOD M=1] --- 1138216
1,1,0,1,1,1,0,1,0,0,0,0,1,0,1,0,1
SB值5652534, K值41204
T的值为93637
比较次数9
41204
---------------------------------
0,1,1,0,0,1,0,0,0,0,0,0,0,0,0,1,0
SB值2426562, K值95872
T的值为122089
比较次数5
95872
---------------------------------
1,0,1,0,0,1,1,1,1,1,0,0,1,0,1,0,0
SB值5344692, K值124935
T的值为98724
比较次数22
124935
---------------------------------
0,0,0,0,0,0,1,1,1,0,1,0,1,1,1,1,1
SB值5539677, K值108723
T的值为30081
比较次数19
108723
---------------------------------
1,0,1,1,1,0,0,0,1,1,1,1,1,0,1,0,1
SB值6455541, K值44654
T的值为97086
比较次数4
44654
---------------------------------
1,0,0,1,1,1,0,0,1,0,0,0,1,1,1,1,1
SB值6101754, K值71639
T的值为71640
比较次数6
71639
---------------------------------
1,1,1,1,1,0,1,1,1,1,0,1,0,1,0,1,0
SB值7284357, K值81436
T的值为2794
比较次数19
81436
---------------------------------
0,0,1,0,1,0,1,0,1,0,0,1,1,1,1,1,0
SB值5621436, K值26605
T的值为26608
比较次数16
26605
---------------------------------
1,1,0,1,0,0,1,0,0,0,0,0,1,1,1,1,1
SB值5806830, K值106588
T的值为27943
比较次数4
106588
---------------------------------
1,0,1,0,1,1,1,1,0,1,0,0,1,1,1,0,1
SB值6606012, K值7023
T的值为7026
比较次数16
7023
---------------------------------
0,1,1,1,1,1,1,0,0,1,0,0,1,0,0,0,1
SB值5666961, K值106897
T的值为54465
比较次数62
106897
---------------------------------
0,0,0,1,1,1,1,1,0,1,0,0,0,0,1,1,0
SB值4992696, K值32254
T的值为84688
比较次数14
32254
---------------------------------
0,1,1,1,0,0,0,0,1,1,0,0,0,0,0,1,1
SB值4172049, K值73727
T的值为99943
有问题
---------------------------------
0,1,0,0,0,1,0,0,1,0,0,1,1,1,0,1,1
SB值4533009, K值92435
T的值为40006
比较次数8
92435
---------------------------------
0,0,0,1,0,0,0,1,0,0,1,1,0,1,0,0,1
SB值3513747, K值100778
T的值为100779
比较次数6
100778
---------------------------------
1,1,1,0,1,0,0,1,1,0,1,1,0,0,1,0,1
SB值5982447, K值19422
T的值为98073
比较次数23
19422
---------------------------------
0,0,0,1,1,1,1,1,1,1,0,1,1,1,0,0,1
SB值6499971, K值117966
T的值为117967
比较次数6
117966
---------------------------------
1,0,0,1,0,1,1,0,0,1,1,0,1,0,0,0,0
SB值4186956, K值63829
T的值为63829
比较次数1
63829
---------------------------------
1,1,0,1,0,1,0,1,0,0,1,1,0,1,1,1,0
SB值6045618, K值2397
T的值为107264
比较次数27
2397
---------------------------------
1,0,1,1,1,0,0,1,0,0,1,1,1,0,1,1,1
SB值6527865, K值7290
T的值为33508
比较次数10
7290
---------------------------------
1,0,1,0,1,1,0,0,0,0,1,0,0,1,1,1,0
SB值4885155, K值54994
T的值为54997
比较次数16
54994
---------------------------------
1,0,0,0,1,1,1,1,1,0,1,1,1,1,1,1,0
SB值7169253, K值3564
T的值为56000
比较次数24
3564
---------------------------------
1,0,0,1,0,1,1,0,0,0,1,0,1,0,0,0,1
SB值4267599, K值53247
T的值为53247
比较次数1
53247
---------------------------------
0,0,0,1,1,1,1,1,0,1,0,1,0,0,1,1,0
SB值5390661, K值24544
T的值为129410
比较次数22
24544
---------------------------------
1,0,0,1,0,1,0,0,0,1,0,0,1,0,1,0,1
SB值4041009, K值25416
T的值为51632
有问题
---------------------------------
1,1,0,1,1,0,0,0,0,1,1,1,0,1,1,0,1
SB值6037989, K值6233
T的值为58665
比较次数4
6233
---------------------------------
0,0,1,0,1,1,1,0,0,1,1,0,1,0,1,0,0
SB值4989546, K值117051
T的值为64622
比较次数8
117051
---------------------------------
1,0,1,1,0,1,1,0,1,0,1,0,0,0,1,1,0
SB值5663019, K值3133
T的值为29353
比较次数20
3133
---------------------------------
1,1,0,1,0,1,0,0,1,1,0,1,1,0,1,1,0
SB值5802642, K值1261
T的值为1264
比较次数16
1261
---------------------------------
1,1,1,1,0,1,0,0,0,1,1,1,0,1,0,1,0
SB值5788038, K值117952
T的值为39308
比较次数9
117952
---------------------------------
