生成A序列
26166,24703,27156,18814,20136,22767,18465,27328,21427,23258,24410,29797,17236,26942
A背包向量的密度
0.9419439909210011
生成的M值,W值
328606,59
生成的B序列
229370,143053,287780,124208,202206,28829,103617,297928,278375,57798,125766,114993,31106,275154
生成的P值,V值
4,65
随机生成的delta序列
1,1,0,0,0,0,0,1,0,1,0,1,0,1
生成的C值
425198,401424,441285,305727,327210,369963,300056,444080,348188,377943,396662,484202,280085,437808
生成的M'
16397
生成的R值
8198,8198,4099,0,4099,8198,4099,8198,8198,4099,4099,4099,4099,8198
生成的D值
7074,16094,2665,10581,3369,1030,9009,9559,12049,4911,7233,12788,5435,3287
L0,L1的值
7,3
[W' 满足 使得 (W*W')MOD M=1] --- 178227
1,1,0,0,0,1,1,0,1,0,1,0,0,1
SB值1184164, K值6585
T的值为6589
比较次数17
6585
---------------------------------
1,1,0,0,0,1,0,0,1,0,0,0,0,0
SB值679627, K值3453
T的值为3455
比较次数9
3453
---------------------------------
1,0,0,1,1,1,1,0,0,1,1,1,0,1
SB值1261941, K值10091
T的值为14192
比较次数8
10091
---------------------------------
0,0,1,0,1,1,1,1,0,0,1,0,0,0
SB值1046126, K值71
T的值为74
比较次数13
71
---------------------------------
0,1,1,1,1,1,0,0,1,0,1,0,0,0
SB值1190217, K值3830
T的值为16132
比较次数18
3830
---------------------------------
1,0,1,1,1,1,1,0,0,0,0,1,0,0
SB值1091003, K值13722
T的值为13724
比较次数9
13722
---------------------------------
0,1,0,1,0,0,1,0,0,0,1,1,1,0
SB值642743, K值11949
T的值为3752
比较次数7
11949
---------------------------------
1,0,0,0,1,0,1,1,0,0,0,0,0,0
SB值833121, K值12614
T的值为4416
比较次数3
12614
---------------------------------
1,0,1,0,0,1,0,1,1,0,0,0,0,1
SB值1397436, K值2870
T的值为6972
比较次数12
2870
---------------------------------
0,0,1,0,1,1,0,0,1,1,1,1,1,1
SB值1402007, K值3576
T的值为3579
比较次数13
3576
---------------------------------
0,1,0,1,0,1,1,1,0,1,0,1,0,1
SB值1145580, K值1671
T的值为5772
比较次数8
1671
---------------------------------
0,1,1,1,0,1,1,0,1,0,0,0,1,1
SB值1272122, K值10959
T的值为15062
比较次数16
10959
---------------------------------
1,1,1,1,1,1,1,0,1,1,0,0,0,0
SB值1455236, K值1194
T的值为1198
比较次数17
1194
---------------------------------
1,1,1,1,1,1,0,0,0,1,0,0,1,1
SB值1379504, K值5255
T的值为5257
比较次数9
5255
---------------------------------
1,1,1,0,0,0,0,1,1,0,0,0,1,0
SB值1267612, K值3685
T的值为11886
比较次数11
3685
---------------------------------
0,0,0,0,0,0,0,0,0,0,1,0,1,1
SB值432026, K值15955
T的值为15956
比较次数5
15955
---------------------------------
1,1,0,1,0,0,1,0,0,0,1,1,1,0
SB值872113, K值2626
T的值为2627
比较次数5
2626
---------------------------------
1,0,0,0,1,1,0,1,0,0,0,0,0,0
SB值758333, K值4635
T的值为8736
比较次数8
4635
---------------------------------
0,0,1,1,1,1,0,0,1,0,1,0,0,0
SB值1047164, K值4133
T的值为8236
比较次数16
4133
---------------------------------
1,0,0,1,0,1,1,1,0,1,1,0,1,0
SB值998622, K值5641
T的值为13843
比较次数15
5641
---------------------------------
1,1,0,0,0,0,1,0,0,1,0,1,0,1
SB值923985, K值3972
T的值为16269
比较次数34
3972
---------------------------------
0,0,0,1,1,1,1,0,0,0,1,0,1,0
SB值615732, K值3863
T的值为12065
比较次数15
3863
---------------------------------
0,1,1,1,1,1,0,1,1,0,0,0,1,1
SB值1668639, K值14878
T的值为10783
比较次数18
14878
---------------------------------
1,0,0,0,0,0,1,1,0,1,0,0,0,0
SB值688713, K值14156
T的值为5958
比较次数3
14156
---------------------------------
0,1,1,1,1,0,1,0,0,0,1,1,0,0
SB值1101623, K值12548
T的值为252
比较次数8
12548
---------------------------------
1,0,0,1,1,0,1,1,0,0,0,0,1,1
SB值1263589, K值15520
T的值为11422
比较次数6
15520
---------------------------------
1,0,1,1,0,0,0,0,0,0,1,0,1,0
SB值798230, K值194
T的值为12493
比较次数6
194
---------------------------------
0,0,0,1,1,1,0,0,0,1,0,1,0,1
SB值803188, K值3172
T的值为7272
比较次数4
3172
---------------------------------
1,1,0,1,0,1,1,1,0,0,1,0,0,1
SB值1327925, K值14676
T的值为14679
比较次数13
14676
---------------------------------
0,0,0,1,0,0,1,0,0,0,0,1,1,1
SB值649078, K值8306
T的值为4207
比较次数2
8306
---------------------------------
