生成A序列
54041,55116,55956,35046,61991,41700,51387,33325,57178,59749,61534,44537,45758,48903,46999
A背包向量的密度
0.9422245993777695
生成的M值,W值
753221,100
生成的B序列
131553,239053,323053,491716,173332,403895,619374,319616,445253,702353,127632,687595,56474,370974,180574
生成的P值,V值
9,154
随机生成的delta序列
0,1,1,1,0,0,1,0,1,1,0,1,0,1,0
生成的C值
924701,943096,957470,599676,1060734,713533,879289,570227,978380,1022372,1052915,762078,782970,836785,804205
生成的M'
32771
生成的E值
-3,-2,1,2,1,3,-1,-4,2,1,0,1,-2,-2,1
生成的D值
7110,25506,7112,9800,12063,25345,27242,13116,28023,6472,4243,8346,29235,17508,17702
L0,L1的值
18,15
[W' 满足 使得 (W*W')MOD M=1] --- 143112
0,0,0,1,1,1,0,0,1,0,0,0,1,0,1
SB值1751244, K值23855
T的值为23848
比较次数26
23855
---------------------------------
0,0,0,1,1,1,1,1,1,1,1,1,0,0,1
SB值4151340, K值21268
T的值为21262
比较次数25
21268
---------------------------------
0,0,0,0,1,0,0,1,1,1,0,1,0,0,0
SB值2328149, K值2478
T的值为2477
比较次数20
2478
---------------------------------
1,1,0,1,0,1,0,0,1,0,0,0,1,1,0
SB值2138918, K值11443
T的值为11444
比较次数2
11443
---------------------------------
1,0,0,1,1,1,0,0,1,0,1,0,0,0,0
SB值1773381, K值21042
T的值为21038
比较次数23
21042
---------------------------------
1,0,1,0,1,0,0,1,0,1,1,1,0,1,0
SB值2836108, K值10428
T的值为10433
比较次数6
10428
---------------------------------
1,1,1,1,0,0,0,1,0,0,1,1,0,0,0
SB值2320218, K值9691
T的值为9696
比较次数6
9691
---------------------------------
1,0,0,0,0,0,1,1,0,0,0,1,1,1,1
SB值2366160, K值21946
T的值为21956
比较次数11
21946
---------------------------------
1,0,1,1,1,1,0,1,1,1,0,0,1,1,0
SB值3418219, K值24700
T的值为24701
比较次数2
24700
---------------------------------
1,1,1,1,1,0,1,1,0,1,0,0,0,0,1
SB值3180624, K值27810
T的值为27815
比较次数6
27810
---------------------------------
1,0,1,0,1,1,1,0,0,1,0,1,1,1,0
SB值3468603, K值9349
T的值为9350
比较次数2
9349
---------------------------------
1,1,0,0,1,0,0,0,1,0,1,1,1,0,0
SB值1860892, K值16213
T的值为16216
比较次数4
16213
---------------------------------
1,1,1,1,1,0,0,0,1,1,1,1,1,1,1
SB值3929562, K值9265
T的值为9264
比较次数20
9265
---------------------------------
0,1,0,1,1,1,1,0,0,0,0,0,0,0,1
SB值2107944, K值19345
T的值为19342
比较次数22
19345
---------------------------------
0,1,1,1,1,1,1,1,0,0,0,1,1,0,0
SB值3314108, K值26681
T的值为26682
比较次数2
26681
---------------------------------
1,1,0,1,1,1,1,1,0,0,0,0,1,1,1
SB值2986561, K值20772
T的值为20781
比较次数10
20772
---------------------------------
1,1,1,0,0,1,1,0,1,0,0,0,0,1,1
SB值2713729, K值24464
T的值为24463
比较次数20
24464
---------------------------------
1,0,1,0,1,0,0,0,0,1,0,1,0,1,1
SB值2569434, K值10771
T的值为10770
比较次数20
10771
---------------------------------
0,1,0,1,0,1,1,1,0,0,1,1,1,0,0
SB值2945355, K值11749
T的值为11752
比较次数4
11749
---------------------------------
0,0,1,1,1,0,1,1,1,0,1,1,0,1,0
SB值3558545, K值29140
T的值为29139
比较次数20
29140
---------------------------------
0,0,0,1,0,0,0,1,1,1,1,1,0,0,1
SB值2954739, K值22160
T的值为22156
比较次数23
22160
---------------------------------
0,0,0,0,1,0,1,0,1,1,0,1,1,1,0
SB值3055355, K值30576
T的值为30574
比较次数21
30576
---------------------------------
1,1,1,1,0,0,0,0,1,0,0,1,0,0,1
SB值2498797, K值5286
T的值为5282
比较次数23
5286
---------------------------------
0,0,0,1,0,1,1,0,1,1,1,1,1,1,0
SB值3905266, K值25130
T的值为25124
比较次数25
25130
---------------------------------
0,0,0,1,1,1,1,0,0,0,1,1,1,0,1
SB值2740592, K值2892
T的值为2887
比较次数24
2892
---------------------------------
1,1,0,0,0,1,0,0,0,1,0,1,0,0,1
SB值2345023, K值24939
T的值为24938
比较次数20
24939
---------------------------------
1,0,0,1,1,1,0,0,1,1,1,1,0,1,0
SB值3534303, K值20597
T的值为20592
比较次数24
20597
---------------------------------
1,0,0,0,0,1,1,1,1,0,0,0,1,1,0
SB值2347139, K值16495
T的值为16502
比较次数8
16495
---------------------------------
1,0,0,0,0,1,1,0,1,1,1,0,0,1,1
SB值2981608, K值2561
T的值为2559
比较次数21
2561
---------------------------------
0,1,1,0,1,1,1,0,0,1,1,0,0,0,0
SB值2588692, K值9670
T的值为9667
比较次数22
9670
---------------------------------
