生成A序列
9556,10383,8679,13454,9051,10333,14262,9131,12564,8307,14344,9563,14151
A背包向量的密度
0.9414723043358517
生成的M值,W值
143779,85
生成的B序列
93365,19881,18820,137137,50440,15631,62038,57240,61487,130979,69008,93960,52603
生成的P值,V值
8,121
随机生成的delta序列
0,0,1,1,0,0,1,1,0,1,0,0,0
生成的C值
144534,157042,131270,203492,136896,156286,215713,138107,190030,125644,216953,144640,214033
生成的M'
8197
生成的E值
0,-1,0,-1,0,0,-1,-1,-1,-1,0,-1,0
生成的D值
5185,1298,118,6763,5744,543,2590,6954,1498,2688,3831,5290,911
L0,L1的值
12,2
[W' 满足 使得 (W*W')MOD M=1] --- 94725
1,0,0,0,0,1,0,0,1,0,1,1,1
SB值386054, K值864
T的值为868
比较次数5
864
---------------------------------
1,0,1,0,1,0,1,0,0,1,0,0,1
SB值408245, K值842
T的值为844
比较次数3
842
---------------------------------
1,1,0,0,1,0,1,1,0,1,0,0,1
SB值466546, K值779
T的值为784
比较次数6
779
---------------------------------
0,0,1,1,1,0,1,1,1,0,1,0,1
SB值508773, K值3818
T的值为3822
比较次数5
3818
---------------------------------
1,1,1,0,0,0,1,1,1,0,0,1,1
SB值459394, K值7450
T的值为7457
比较次数8
7450
---------------------------------
0,1,1,1,1,1,1,1,1,1,1,0,0
SB值622661, K值7436
T的值为7442
比较次数7
7436
---------------------------------
0,0,1,1,1,0,1,0,0,1,1,0,1
SB值521025, K值6251
T的值为6254
比较次数4
6251
---------------------------------
0,1,1,1,1,0,1,0,0,0,0,0,0
SB值288316, K值119
T的值为122
比较次数4
119
---------------------------------
1,1,0,1,0,0,1,0,1,0,1,0,0
SB值442916, K值4771
T的值为4776
比较次数6
4771
---------------------------------
1,0,1,0,1,0,1,1,1,1,1,1,0
SB值637337, K值1110
T的值为1115
比较次数6
1110
---------------------------------
1,0,0,0,1,1,0,0,1,0,1,0,0
SB值289931, K值407
T的值为410
比较次数4
407
---------------------------------
0,0,1,1,1,1,1,0,0,0,0,0,1
SB值336669, K值275
T的值为278
比较次数4
275
---------------------------------
1,1,0,0,1,1,0,1,0,0,0,0,0
SB值236557, K值3330
T的值为3333
比较次数4
3330
---------------------------------
0,0,0,0,0,1,1,1,0,0,1,0,0
SB值203917, K值5721
T的值为5722
比较次数2
5721
---------------------------------
1,1,1,0,0,1,0,1,1,0,0,0,0
SB值266424, K值7399
T的值为7403
比较次数5
7399
---------------------------------
0,1,1,0,0,0,0,1,0,0,1,1,1
SB值311512, K值2008
T的值为2012
比较次数5
2008
---------------------------------
0,1,0,0,0,1,1,0,1,1,0,1,0
SB值383976, K值5710
T的值为5716
比较次数7
5710
---------------------------------
0,1,1,0,1,0,0,0,1,0,1,1,1
SB值366199, K值2296
T的值为2301
比较次数6
2296
---------------------------------
1,0,1,1,0,0,1,1,1,1,0,0,0
SB值561066, K值1205
T的值为1209
比较次数5
1205
---------------------------------
0,0,1,1,0,0,0,0,0,0,0,0,0
SB值155957, K值6881
T的值为6881
比较次数1
6881
---------------------------------
0,1,1,1,1,0,0,1,0,0,0,1,1
SB值430081, K值2487
T的值为2492
比较次数6
2487
---------------------------------
0,1,0,0,1,1,0,1,0,1,0,0,0
SB值274171, K值833
T的值为836
比较次数4
833
---------------------------------
0,0,1,1,1,0,1,1,1,1,0,1,0
SB值612101, K值7054
T的值为7059
比较次数6
7054
---------------------------------
0,0,0,1,0,1,1,0,0,1,0,0,1
SB值398388, K值5298
T的值为5301
比较次数4
5298
---------------------------------
1,1,0,0,0,0,1,0,1,0,0,1,0
SB值330731, K值7664
T的值为7670
比较次数7
7664
---------------------------------
0,0,1,0,1,0,0,0,0,1,0,1,0
SB值294199, K值5643
T的值为5645
比较次数3
5643
---------------------------------
1,1,1,1,0,1,0,1,1,0,1,0,0
SB值472569, K值1599
T的值为1604
比较次数6
1599
---------------------------------
1,0,0,0,0,1,1,0,0,1,0,1,0
SB值395973, K值8099
T的值为8102
比较次数4
8099
---------------------------------
1,0,0,0,0,1,0,1,1,0,0,1,1
SB值374286, K值3987
T的值为3992
比较次数6
3987
---------------------------------
