生成A序列
1426,1296,1374,1209,1110,1419,1166,1321,1341,1401
A背包向量的密度
0.9544026256099113
生成的M值,W值
13064,55
生成的B序列
46,5960,10250,1175,8794,12725,11874,7335,8435,11735
生成的P值,V值
2,25
随机生成的delta序列
0,0,1,0,1,1,1,0,1,0
生成的C值
17825,16200,17175,15112,13875,17738,14575,16512,16763,17512
生成的M'
1027
生成的E值
0,0,0,0,-1,-1,0,-1,0,0
生成的D值
366,795,743,734,523,278,197,79,331,53
L0,L1的值
5,2
[W' 满足 使得 (W*W')MOD M=1] --- 8551
0,0,0,1,1,0,1,1,0,0
SB值29178, K值506
T的值为509
比较次数4
506
---------------------------------
0,0,0,1,0,1,0,1,1,1
SB值41405, K值448
T的值为450
比较次数3
448
---------------------------------
0,0,1,1,0,1,1,1,0,0
SB值43359, K值1004
T的值为1006
比较次数3
1004
---------------------------------
1,1,1,0,0,0,1,1,0,0
SB值35465, K值126
T的值为127
比较次数2
126
---------------------------------
0,0,0,1,1,1,1,1,0,0
SB值41903, K值784
T的值为787
比较次数4
784
---------------------------------
0,0,1,0,1,1,1,0,1,1
SB值63813, K值71
T的值为72
比较次数2
71
---------------------------------
0,1,1,1,1,1,1,1,0,1
SB值69848, K值321
T的值为325
比较次数5
321
---------------------------------
1,0,0,0,0,1,0,0,1,1
SB值32941, K值1
T的值为1
比较次数1
1
---------------------------------
1,1,1,1,0,1,1,1,1,0
SB值57800, K值442
T的值为444
比较次数3
442
---------------------------------
0,1,0,0,0,0,0,1,0,0
SB值13295, K值874
T的值为875
比较次数2
874
---------------------------------
0,1,1,1,1,0,0,1,1,0
SB值41949, K值124
T的值为126
比较次数3
124
---------------------------------
0,0,0,1,1,1,0,1,1,0
SB值38464, K值918
T的值为921
比较次数4
918
---------------------------------
0,1,1,1,1,0,0,1,1,1
SB值53684, K值177
T的值为180
比较次数4
177
---------------------------------
1,0,0,1,0,0,0,1,0,1
SB值20291, K值205
T的值为207
比较次数3
205
---------------------------------
1,0,0,0,0,1,0,1,0,1
SB值31841, K值776
T的值为778
比较次数3
776
---------------------------------
0,0,1,1,1,0,1,1,0,0
SB值39428, K值222
T的值为225
比较次数4
222
---------------------------------
1,1,0,1,0,1,1,0,0,0
SB值31780, K值316
T的值为317
比较次数2
316
---------------------------------
0,0,1,1,0,0,1,0,1,1
SB值43469, K值4
T的值为4
比较次数1
4
---------------------------------
0,1,0,0,1,0,1,1,1,1
SB值54133, K值951
T的值为953
比较次数3
951
---------------------------------
0,0,0,0,0,1,0,0,0,1
SB值24460, K值331
T的值为332
比较次数2
331
---------------------------------
1,0,1,1,0,0,1,1,0,1
SB值42415, K值118
T的值为120
比较次数3
118
---------------------------------
1,0,1,0,0,1,0,0,1,0
SB值31456, K值691
T的值为691
比较次数1
691
---------------------------------
1,0,1,0,0,0,0,0,0,0
SB值10296, K值82
T的值为82
比较次数1
82
---------------------------------
1,0,1,0,0,0,0,0,0,1
SB值22031, K值135
T的值为135
比较次数1
135
---------------------------------
1,0,1,0,0,0,0,0,1,1
SB值30466, K值466
T的值为466
比较次数1
466
---------------------------------
0,0,1,1,1,0,0,1,0,0
SB值27554, K值25
T的值为28
比较次数4
25
---------------------------------
0,1,0,1,1,0,0,0,1,1
SB值36099, K值382
T的值为383
比较次数2
382
---------------------------------
1,0,0,0,1,0,0,0,1,0
SB值17275, K值193
T的值为193
比较次数1
193
---------------------------------
1,0,1,0,0,0,0,1,1,1
SB值37801, K值545
T的值为546
比较次数2
545
---------------------------------
1,0,1,1,1,0,1,0,0,0
SB值32139, K值509
T的值为510
比较次数2
509
---------------------------------
