生成A序列
119538,110182,72565,115416,131119,80400,93349,96101,80703,100726,105380,72983,125839,82665,82743,124066
A背包向量的密度
0.9411478358284782
生成的M值,W值
1593776,9
生成的B序列
1075842,991638,653085,1038744,1180071,723600,840141,864909,726327,906534,948420,656847,1132551,743985,744687,1116594
生成的P值,V值
7,127
随机生成的delta序列
0,1,0,1,1,1,1,0,1,1,0,0,1,1,1,0
生成的C值
2168760,1999017,1316536,2093976,2378874,1458686,1693618,1743546,1464183,1827458,1911894,1324120,2283079,1499780,1501195,2250911
生成的M'
65537
生成的E值
-4,-1,-2,3,1,-2,-3,-2,-3,0,3,-3,3,0,3,0
生成的D值
6035,32906,5794,62332,19543,16870,55190,39582,22366,57959,11324,13377,54824,57966,59384,22653
L0,L1的值
24,18
[W' 满足 使得 (W*W')MOD M=1] --- 708345
0,1,1,0,0,1,1,0,0,1,0,0,1,1,0,1
SB值7108128, K值42014
T的值为42017
比较次数4
42014
---------------------------------
1,0,1,0,0,1,0,0,0,1,0,1,0,0,0,1
SB值5132502, K值57151
T的值为57163
比较次数13
57151
---------------------------------
0,1,0,0,0,1,0,1,1,0,0,1,1,0,0,0
SB值5095872, K值48851
T的值为48858
比较次数8
48851
---------------------------------
1,0,0,0,1,0,1,1,1,1,0,1,0,1,1,1
SB值8855937, K值26370
T的值为26380
比较次数11
26370
---------------------------------
1,1,0,0,1,0,0,1,1,0,1,0,0,0,1,0
SB值6531894, K值60066
T的值为60068
比较次数3
60066
---------------------------------
0,1,1,0,1,0,0,0,0,1,0,0,0,0,1,1
SB值5592609, K值1628
T的值为1625
比较次数28
1628
---------------------------------
1,0,1,0,0,0,1,0,1,1,1,1,1,1,1,1
SB值9545013, K值39187
T的值为39193
比较次数7
39187
---------------------------------
1,1,0,0,1,1,1,0,0,0,1,1,0,0,0,1
SB值7533153, K值46824
T的值为46832
比较次数9
46824
---------------------------------
0,1,1,1,0,0,0,0,1,1,1,1,0,0,1,1
SB值7782876, K值25947
T的值为25946
比较次数26
25947
---------------------------------
0,0,1,0,1,1,0,1,1,1,1,1,0,1,0,1
SB值8520372, K值5286
T的值为5294
比较次数9
5286
---------------------------------
0,0,1,1,1,0,0,1,1,0,1,0,0,0,1,0
SB值6156243, K值23714
T的值为23711
比较次数28
23714
---------------------------------
1,1,0,0,1,0,0,1,1,0,0,1,1,0,1,1
SB值8489466, K值8522
T的值为8528
比较次数7
8522
---------------------------------
1,0,1,1,1,1,0,0,1,1,1,1,1,1,1,1
SB值11647287, K值17205
T的值为17205
比较次数1
17205
---------------------------------
0,1,0,0,0,1,1,1,1,0,1,0,1,1,0,1
SB值8088165, K值51533
T的值为51537
比较次数5
51533
---------------------------------
0,1,0,1,0,0,0,1,0,1,0,1,1,1,0,0
SB值6335208, K值56798
T的值为56796
比较次数27
56798
---------------------------------
0,1,1,1,0,1,0,1,1,0,0,0,1,1,0,0
SB值6874839, K值30492
T的值为30495
比较次数4
30492
---------------------------------
1,0,1,1,1,0,1,1,0,1,1,0,0,1,0,0
SB值8251731, K值53577
T的值为53580
比较次数4
53577
---------------------------------
0,1,1,0,0,0,1,0,1,1,0,1,0,0,0,1
SB值5891166, K值13634
T的值为13645
比较次数12
13634
---------------------------------
1,1,0,0,1,0,1,1,0,1,1,1,0,0,1,0
SB值8209089, K值33152
T的值为33157
比较次数6
33152
---------------------------------
0,0,0,1,1,0,0,1,1,0,1,1,1,0,1,1
SB值8409150, K值43237
T的值为43232
比较次数30
43237
---------------------------------
0,0,1,1,1,1,1,0,1,0,1,1,0,0,1,1
SB值8628516, K值26685
T的值为26687
比较次数3
26685
---------------------------------
1,1,1,0,0,1,1,0,0,0,0,1,1,0,1,1
SB值7934985, K值4885
T的值为4894
比较次数10
4885
---------------------------------
0,1,1,0,1,1,1,0,0,1,1,0,0,1,0,0
SB值6987474, K值60941
T的值为60942
比较次数2
60941
---------------------------------
0,0,0,0,0,1,1,0,1,0,0,1,1,0,0,0
SB值4079466, K值31553
T的值为31560
比较次数8
31553
---------------------------------
0,1,0,0,0,0,1,0,0,0,1,1,1,0,1,1
SB值6430878, K值53047
T的值为53044
比较次数28
53047
---------------------------------
0,1,1,1,0,0,1,1,0,0,1,1,0,0,1,1
SB值7855065, K值40394
T的值为40396
比较次数3
40394
---------------------------------
0,0,1,0,1,0,1,1,0,1,0,0,1,1,1,0
SB值7065963, K值22557
T的值为22555
比较次数27
22557
---------------------------------
1,0,0,0,0,1,0,0,1,1,1,1,0,0,0,1
SB值6154164, K值19510
T的值为19520
比较次数11
19510
---------------------------------
0,1,0,1,1,1,0,1,1,1,0,1,1,1,0,0
SB值8965206, K值50040
T的值为50041
比较次数2
50040
---------------------------------
1,0,1,0,1,1,0,1,1,1,1,1,0,1,1,0
SB值9224307, K值48052
T的值为48060
比较次数9
48052
---------------------------------
