生成A序列
6053,4101,4605,6662,5716,6388,4901,5113,6754,6574,6293,6548
A背包向量的密度
0.9432830277051372
生成的M值,W值
69709,23
生成的B序列
69510,24614,36206,13808,61759,7506,43014,47890,15924,11784,5321,11186
生成的P值,V值
3,43
随机生成的delta序列
0,1,1,1,0,1,0,0,0,1,0,1
生成的C值
86759,58781,66005,95489,81929,91562,70247,73286,96807,94228,90199,93855
生成的M'
4099
生成的E值
-2,0,-4,-4,3,-1,-2,-1,0,-2,-1,2
生成的D值
678,1395,417,1208,4051,1383,562,3602,2530,4048,20,3679
L0,L1的值
20,7
[W' 满足 使得 (W*W')MOD M=1] --- 18185
0,1,1,1,1,1,0,0,0,0,1,1
SB值160400, K值3955
T的值为3959
比较次数5
3955
---------------------------------
1,1,0,0,1,0,1,0,0,0,0,0
SB值198897, K值2587
T的值为2589
比较次数3
2587
---------------------------------
1,1,1,1,0,0,0,1,1,1,1,0
SB值225057, K值1601
T的值为1616
比较次数16
1601
---------------------------------
1,0,1,1,1,0,0,0,1,1,0,0
SB值208991, K值635
T的值为644
比较次数10
635
---------------------------------
0,1,0,0,0,1,1,1,0,1,1,0
SB值140129, K值2812
T的值为2819
比较次数8
2812
---------------------------------
1,1,1,0,0,0,1,0,1,1,1,1
SB值217559, K值1032
T的值为1042
比较次数11
1032
---------------------------------
1,1,0,0,1,1,1,1,0,0,1,0
SB值259614, K值3493
T的值为3499
比较次数7
3493
---------------------------------
0,0,0,1,0,0,1,1,0,0,1,1
SB值121219, K值873
T的值为880
比较次数8
873
---------------------------------
1,1,0,1,1,0,1,0,1,0,1,0
SB值233950, K值2246
T的值为2254
比较次数9
2246
---------------------------------
0,1,1,1,1,1,1,0,1,1,0,1
SB值225801, K值2877
T的值为2884
比较次数8
2877
---------------------------------
0,0,1,0,1,1,1,1,1,1,1,1
SB值240590, K值3896
T的值为3902
比较次数7
3896
---------------------------------
0,1,0,1,0,0,0,1,1,0,1,1
SB值118743, K值137
T的值为141
比较次数5
137
---------------------------------
0,0,1,0,1,0,1,1,0,0,1,0
SB值194190, K值454
T的值为461
比较次数8
454
---------------------------------
1,0,0,1,1,1,0,1,1,1,1,1
SB值244688, K值704
T的值为710
比较次数7
704
---------------------------------
0,1,0,1,1,1,1,0,1,0,0,1
SB值177811, K值2511
T的值为2513
比较次数3
2511
---------------------------------
1,0,0,0,1,1,1,0,1,1,0,1
SB值220683, K值535
T的值为537
比较次数3
535
---------------------------------
1,0,0,0,1,0,1,1,0,0,0,1
SB值233359, K值275
T的值为276
比较次数2
275
---------------------------------
0,0,1,0,0,0,1,0,1,0,0,1
SB值106330, K值3089
T的值为3093
比较次数5
3089
---------------------------------
1,1,1,1,1,0,0,1,0,0,1,0
SB值259108, K值3173
T的值为3183
比较次数11
3173
---------------------------------
1,0,0,0,1,1,0,1,1,0,1,0
SB值207910, K值4066
T的值为4069
比较次数4
4066
---------------------------------
1,1,0,1,1,0,1,1,0,1,0,1
SB值283565, K值2827
T的值为2833
比较次数7
2827
---------------------------------
0,1,0,1,1,1,0,0,1,0,1,1
SB值140118, K值1969
T的值为1970
比较次数2
1969
---------------------------------
1,0,1,1,1,0,0,0,1,0,0,1
SB值208393, K值266
T的值为271
比较次数6
266
---------------------------------
0,1,1,0,0,1,0,0,0,0,1,0
SB值73647, K值3215
T的值为3221
比较次数7
3215
---------------------------------
1,0,0,0,0,1,0,1,0,1,1,0
SB值142011, K值1533
T的值为1540
比较次数8
1533
---------------------------------
0,0,0,1,0,1,1,0,1,1,0,1
SB值103222, K值1113
T的值为1119
比较次数7
1113
---------------------------------
1,1,1,0,1,1,0,1,1,0,0,1
SB值274595, K值1339
T的值为1342
比较次数4
1339
---------------------------------
1,1,0,0,0,1,1,0,0,1,0,1
SB值167614, K值3547
T的值为3551
比较次数5
3547
---------------------------------
1,1,0,0,0,0,1,1,0,1,0,1
SB值207998, K值1667
T的值为1672
比较次数6
1667
---------------------------------
0,1,0,1,1,1,1,1,1,1,1,0
SB值231620, K值2403
T的值为2411
比较次数9
2403
---------------------------------
