生成A序列
23008,22214,21714,20041,24040,23420,26363,18493,20139,25908,18679,24550,29884,16723
A背包向量的密度
0.9416774970409785
生成的M值,W值
315177,53
生成的B序列
273893,231811,205311,116642,13412,295729,136531,34598,121836,112416,44456,40442,7967,255965
生成的P值,V值
6,97
随机生成的delta序列
0,0,1,1,1,0,1,1,0,1,0,0,0,1
生成的C值
371962,359126,351043,323997,388647,378623,426202,298971,325580,418846,301977,396891,483124,270356
生成的M'
16391
生成的E值
-1,0,-1,-1,0,-1,-1,0,0,-1,0,0,-1,0
生成的D值
11359,14915,6831,12567,11654,1629,35,3933,14151,9070,6939,3507,7784,8100
L0,L1的值
11,4
[W' 满足 使得 (W*W')MOD M=1] --- 112988
0,0,1,1,0,1,0,1,1,0,1,1,0,0
SB值859014, K值384
T的值为387
比较次数4
384
---------------------------------
1,0,0,1,0,0,0,0,0,0,1,0,0,0
SB值434991, K值14474
T的值为14476
比较次数3
14474
---------------------------------
1,0,0,1,0,0,0,1,0,1,1,0,0,0
SB值582005, K值11086
T的值为11088
比较次数3
11086
---------------------------------
1,1,0,0,1,0,0,1,1,1,0,0,0,0
SB值787966, K值15909
T的值为15911
比较次数3
15909
---------------------------------
0,1,1,1,1,0,1,0,1,1,1,0,1,0
SB值990382, K值1991
T的值为1996
比较次数6
1991
---------------------------------
1,0,1,1,1,1,0,0,0,0,1,0,0,1
SB值1205408, K值9906
T的值为9909
比较次数4
9906
---------------------------------
0,1,1,1,0,1,1,0,1,1,1,0,0,1
SB值1520697, K值8673
T的值为8677
比较次数5
8673
---------------------------------
0,1,0,1,1,1,0,0,1,1,0,1,0,0
SB值932288, K值1929
T的值为1932
比较次数4
1929
---------------------------------
1,0,1,1,1,0,0,0,1,1,1,1,0,1
SB值1184373, K值2223
T的值为2227
比较次数5
2223
---------------------------------
0,1,0,0,0,1,1,1,1,1,0,0,0,1
SB值1188886, K值2660
T的值为2662
比较次数3
2660
---------------------------------
0,1,1,0,0,1,1,1,0,1,1,1,1,1
SB值1365226, K值13570
T的值为13575
比较次数6
13570
---------------------------------
0,0,1,1,1,0,0,0,0,0,1,0,0,0
SB值379821, K值5209
T的值为5210
比较次数2
5209
---------------------------------
1,1,1,0,1,1,0,1,1,1,1,1,1,0
SB值1381871, K值9817
T的值为9824
比较次数8
9817
---------------------------------
1,0,0,0,0,0,0,1,0,1,0,1,0,0
SB值461349, K值11478
T的值为11480
比较次数3
11478
---------------------------------
1,0,1,1,0,1,0,0,1,0,1,1,0,1
SB值1354274, K值15910
T的值为15914
比较次数5
15910
---------------------------------
1,1,1,0,0,1,1,1,1,1,0,1,1,1
SB值1716499, K值15750
T的值为15757
比较次数8
15750
---------------------------------
1,1,1,1,1,1,1,0,1,1,0,1,1,1
SB值1811955, K值3256
T的值为3264
比较次数9
3256
---------------------------------
1,1,0,0,0,1,0,1,0,0,0,0,0,1
SB值1091996, K值7154
T的值为7155
比较次数2
7154
---------------------------------
1,1,0,1,0,1,0,1,1,0,0,1,1,0
SB值1122918, K值4281
T的值为4286
比较次数6
4281
---------------------------------
0,0,1,1,0,1,1,0,1,1,0,0,0,0
SB值988465, K值11501
T的值为11505
比较次数5
11501
---------------------------------
1,1,1,0,0,1,1,0,0,0,1,1,0,1
SB值1484138, K值4142
T的值为4147
比较次数6
4142
---------------------------------
0,1,1,1,1,1,1,1,0,0,0,0,1,1
SB值1297966, K值1884
T的值为1887
比较次数4
1884
---------------------------------
0,1,1,1,0,0,0,1,1,0,0,1,1,1
SB值1014572, K值6224
T的值为6226
比较次数3
6224
---------------------------------
1,1,1,1,0,1,0,0,0,0,0,0,0,0
SB值1123386, K值14519
T的值为14523
比较次数5
14519
---------------------------------
1,1,1,1,1,0,0,0,1,1,1,0,0,1
SB值1375742, K值13631
T的值为13634
比较次数4
13631
---------------------------------
0,1,1,1,0,0,1,1,1,0,0,0,0,1
SB值1102694, K值11359
T的值为11360
比较次数2
11359
---------------------------------
0,0,0,0,1,1,1,0,1,0,1,1,1,1
SB值916338, K值4626
T的值为4630
比较次数5
4626
---------------------------------
0,1,0,1,0,1,1,1,0,1,1,0,1,1
SB值1236115, K值15799
T的值为15802
比较次数4
15799
---------------------------------
1,0,0,0,1,1,1,1,0,1,0,0,0,1
SB值1122544, K值12998
T的值为13000
比较次数3
12998
---------------------------------
1,0,1,1,1,0,0,0,1,1,0,1,0,1
SB值1139917, K值11675
T的值为11678
比较次数4
11675
---------------------------------
