生成A序列
605138,599867,903014,542337,534612,749313,1176827,904859,724792,785646,591854,638066,874562,664727,973430,538251,663992,605798,642876
A背包向量的密度
0.9421579099499794
生成的M值,W值
13719962,39
生成的B序列
9880420,9674851,7777622,7431181,7129906,1783283,4736367,7849577,826964,3200270,9362344,11164612,6667994,12204391,10523846,7271827,12175726,9906160,11352202
生成的P值,V值
5,106
随机生成的delta序列
0,0,0,0,1,0,0,0,0,0,1,1,1,0,0,1,0,0,0
生成的C值
12828925,12717180,19143896,11497544,11333775,15885435,24948732,19183010,15365590,16655695,12547305,13527000,18540715,14092212,20636716,11410922,14076630,12842917,13628971
生成的M'
524297
生成的E值
0,-1,-1,0,0,-1,0,-1,-1,0,-1,0,-1,0,-1,0,-1,-1,-1
生成的D值
245797,134051,269203,487307,323538,156524,306773,308317,160976,402488,488473,419575,190319,460490,189132,400685,444907,259788,521545
L0,L1的值
18,4
[W' 满足 使得 (W*W')MOD M=1] --- 3517939
1,1,0,0,1,0,0,0,1,0,0,1,1,1,1,1,0,1,1
SB值96603173, K值160114
T的值为160119
比较次数6
160114
---------------------------------
0,0,0,0,0,1,1,0,0,0,1,1,0,0,0,0,1,0,1
SB值50574534, K值240609
T的值为240613
比较次数5
240609
---------------------------------
0,1,0,1,1,0,0,0,1,1,1,0,0,1,1,1,1,1,0
SB值89707466, K值81756
T的值为81763
比较次数8
81756
---------------------------------
1,0,0,0,0,0,0,0,0,0,1,1,0,0,1,1,0,1,1
SB值69461411, K值427807
T的值为427810
比较次数4
427807
---------------------------------
0,0,0,0,1,1,0,1,0,1,1,0,1,0,1,1,0,1,0
SB值63695207, K值97779
T的值为97785
比较次数7
97779
---------------------------------
1,0,0,1,0,1,1,1,1,0,1,0,0,1,0,1,0,0,1
SB值72698556, K值391105
T的值为391112
比较次数8
391105
---------------------------------
0,1,0,0,0,0,0,1,1,0,1,0,1,1,1,0,1,1,1
SB值90544055, K值12216
T的值为12227
比较次数12
12216
---------------------------------
1,0,0,1,1,1,1,0,1,1,1,0,1,0,0,1,1,1,0
SB值80372442, K值197496
T的值为197503
比较次数8
197496
---------------------------------
1,0,1,1,0,0,1,0,0,0,0,0,0,0,0,1,0,0,1
SB值48449619, K值134122
T的值为134125
比较次数4
134122
---------------------------------
0,0,0,1,0,0,0,0,1,1,0,1,1,1,0,0,1,0,0
SB值53671138, K值468874
T的值为468877
比较次数4
468874
---------------------------------
0,0,0,1,1,0,1,1,0,0,1,0,1,1,1,0,1,0,0
SB值78081332, K值53474
T的值为53480
比较次数7
53474
---------------------------------
0,0,0,1,0,1,0,1,1,1,0,0,0,1,1,1,0,1,0
SB值60997499, K值204222
T的值为204229
比较次数8
204222
---------------------------------
0,0,1,1,0,1,1,0,1,1,1,0,1,0,0,0,1,0,0
SB值53961751, K值285485
T的值为285493
比较次数9
285485
---------------------------------
1,1,0,1,1,1,0,1,1,1,0,0,0,0,0,0,0,1,0
SB值57682612, K值381598
T的值为381606
比较次数9
381598
---------------------------------
0,1,1,1,0,0,1,0,0,0,0,0,1,1,1,0,1,1,1
SB值92450340, K值117733
T的值为117743
比较次数11
117733
---------------------------------
0,1,0,0,0,0,0,0,0,0,0,1,0,0,0,0,0,1,0
SB值30745623, K值289117
T的值为289119
比较次数3
289117
---------------------------------
1,0,0,1,0,1,1,0,1,0,1,0,0,0,0,1,0,1,0
SB值51198546, K值409135
T的值为409141
比较次数7
409135
---------------------------------
1,0,1,1,1,0,0,0,0,1,0,0,0,1,0,1,0,1,1
SB值76153979, K值225059
T的值为225063
比较次数5
225059
---------------------------------
1,1,1,0,1,0,1,0,1,0,0,1,0,0,0,1,0,0,0
SB值58462569, K值163410
T的值为163413
比较次数4
163410
---------------------------------
0,0,1,1,1,1,0,1,1,0,0,1,0,0,1,1,0,1,0
SB值71664978, K值353560
T的值为353567
比较次数8
353560
---------------------------------
0,1,0,0,0,1,0,1,0,1,1,0,0,0,1,0,0,1,1
SB值63652533, K值363130
T的值为363139
比较次数10
363130
---------------------------------
1,0,0,1,1,1,0,1,0,1,0,0,0,1,1,1,1,1,1
SB值100708789, K值6142
T的值为6150
比较次数9
6142
---------------------------------
0,0,1,0,0,1,0,0,1,1,1,1,0,1,1,0,1,0,1
SB值80371260, K值367531
T的值为367540
比较次数10
367531
---------------------------------
1,0,1,1,1,0,1,0,0,1,0,1,1,0,1,1,1,1,1
SB值109218133, K值266681
T的值为266687
比较次数7
266681
---------------------------------
0,1,0,1,0,0,1,0,1,1,0,0,0,1,1,0,1,0,0
SB值60773596, K值488936
T的值为488942
比较次数7
488936
---------------------------------
0,1,1,1,1,0,0,1,1,1,1,0,0,1,0,1,1,0,0
SB值84904659, K值210356
T的值为210364
比较次数9
210356
---------------------------------
0,1,0,1,0,1,1,0,0,0,1,0,0,1,0,0,1,1,0
SB值67274303, K值116828
T的值为116836
比较次数9
116828
---------------------------------
1,0,0,1,1,1,0,0,1,1,0,0,1,0,0,1,0,1,1
SB值65450207, K值3185
T的值为3191
比较次数7
3185
---------------------------------
0,1,1,0,0,1,0,0,1,1,1,0,0,1,0,0,1,0,0
SB值57005451, K值419924
T的值为419933
比较次数10
419924
---------------------------------
1,0,0,0,0,0,0,1,1,1,1,0,0,1,1,1,1,1,1
SB值94553727, K值212519
T的值为212528
比较次数10
212519
---------------------------------
