生成A序列
1351042,2387180,1125260,1859525,2442859,1343559,1257989,1672038,1991383,1438394,1051592,2452044,1486083,2457791,2149405,1055602,1275708,1151186,1119479,1050443
A背包向量的密度
0.942110565026849
生成的M值,W值
32118563,70
生成的B序列
30335814,6509785,14531074,1692498,10407315,29812004,23822104,20686971,10922558,4331891,9374314,11050265,7670121,11452555,21984098,9655014,25062434,16345894,14126404,9293884
生成的P值,V值
4,89
随机生成的delta序列
0,1,0,1,1,0,1,1,0,1,0,0,0,0,1,0,1,0,1,0
生成的C值
30060684,53114755,25037035,41374432,54353613,29894187,27990256,37202846,44308271,32004267,23397922,54557979,33065346,54685849,47824262,23487144,28384503,25613888,24908408,23372356
生成的M'
1048577
生成的E值
0,0,0,0,-1,0,0,-1,-1,0,-1,0,0,-1,0,0,0,-1,0,-1
生成的D值
700528,685905,919764,479929,876185,534031,727254,502650,268036,546957,329227,31975,559459,159844,638297,418450,72924,448039,791137,303661
L0,L1的值
13,4
[W' 满足 使得 (W*W')MOD M=1] --- 5964876
0,0,0,1,0,0,1,0,1,1,0,1,1,1,0,1,1,0,0,1
SB值114953324, K值422758
T的值为422762
比较次数5
422758
---------------------------------
1,1,1,1,0,1,0,1,1,0,0,0,1,0,0,0,0,0,0,0
SB值122160825, K值455994
T的值为455997
比较次数4
455994
---------------------------------
1,1,0,1,0,0,0,0,0,1,1,0,0,1,1,1,1,1,1,1
SB值160164585, K值332013
T的值为332017
比较次数5
332013
---------------------------------
0,1,0,1,1,1,0,0,0,1,1,0,1,1,0,0,0,1,0,1
SB值106890261, K值728929
T的值为728936
比较次数8
728929
---------------------------------
1,0,0,1,1,1,0,1,1,1,0,1,1,1,0,1,0,1,1,0
SB值178489304, K值25758
T的值为25765
比较次数8
25758
---------------------------------
1,1,1,0,0,1,0,0,0,0,0,1,1,1,0,0,0,1,1,1
SB值151127800, K值940035
T的值为940041
比较次数7
940035
---------------------------------
1,1,1,0,1,0,1,0,0,1,0,1,0,1,0,0,1,0,1,0
SB值151629641, K值269588
T的值为269589
比较次数2
269588
---------------------------------
0,0,1,0,0,0,0,1,1,0,0,1,0,1,1,1,0,1,1,0
SB值130754833, K值1032461
T的值为1032466
比较次数6
1032461
---------------------------------
0,1,0,0,0,1,1,0,0,1,1,1,0,1,0,0,1,0,1,0
SB值135541756, K值733523
T的值为733525
比较次数3
733523
---------------------------------
0,1,1,0,1,0,0,0,1,1,1,0,1,0,0,0,1,0,0,1
SB值98103376, K值367810
T的值为367815
比较次数6
367810
---------------------------------
1,0,0,0,1,0,1,0,0,0,0,0,0,1,0,0,1,0,1,0
SB值115206626, K值182141
T的值为182143
比较次数3
182141
---------------------------------
1,1,1,0,0,1,1,1,1,1,1,0,1,1,0,0,0,1,1,0
SB值199921489, K值881369
T的值为881376
比较次数8
881369
---------------------------------
1,1,0,1,0,1,0,1,1,0,0,1,1,1,0,0,0,0,0,1
SB值139426455, K值31710
T的值为31717
比较次数8
31710
---------------------------------
1,1,0,0,1,1,0,1,0,1,0,0,0,1,1,0,1,0,0,1
SB值169876751, K值826674
T的值为826678
比较次数5
826674
---------------------------------
0,1,0,0,0,0,1,1,1,1,1,0,1,1,0,0,1,1,1,1
SB值159598915, K值152208
T的值为152215
比较次数8
152208
---------------------------------
1,1,1,0,0,0,1,0,0,1,0,1,1,1,0,1,1,1,0,1
SB值170060835, K值331875
T的值为331880
比较次数6
331875
---------------------------------
0,1,0,0,1,1,1,1,1,1,0,1,1,1,1,1,0,1,1,1
SB值208070863, K值151841
T的值为151848
比较次数8
151841
---------------------------------
1,1,1,1,0,1,0,0,0,0,1,1,0,1,0,1,0,0,1,0
SB值138539727, K值856482
T的值为856485
比较次数4
856482
---------------------------------
1,1,1,1,0,0,0,0,1,1,0,1,0,1,1,0,0,1,0,1
SB值138450316, K值988627
T的值为988632
比较次数6
988627
---------------------------------
1,1,0,0,0,1,0,1,0,0,1,0,0,1,1,0,0,1,0,1
SB值155795319, K值107874
T的值为107881
比较次数8
107874
---------------------------------
1,1,0,0,1,0,0,0,1,0,1,1,0,0,0,0,1,0,0,0
SB值103662485, K值867626
T的值为867630
比较次数5
867626
---------------------------------
1,0,1,1,0,1,0,1,1,1,0,1,0,0,1,1,1,1,1,1
SB值219830803, K值364916
T的值为364921
比较次数6
364916
---------------------------------
0,0,0,1,1,0,1,1,1,1,1,0,0,0,0,1,0,0,1,0
SB值105019069, K值745517
T的值为745519
比较次数3
745517
---------------------------------
1,1,1,1,1,0,1,0,0,0,1,0,1,1,0,0,1,0,0,0
SB值140858014, K值268134
T的值为268137
比较次数4
268134
---------------------------------
1,0,0,0,0,0,1,1,0,1,0,1,0,0,0,0,0,1,0,0
SB值106572939, K值860249
T的值为860250
比较次数2
860249
---------------------------------
0,0,0,1,0,0,1,1,0,0,1,0,1,0,1,1,0,1,0,1
SB值120524898, K值212658
T的值为212661
比较次数4
212658
---------------------------------
1,0,1,1,0,0,0,0,0,1,0,1,0,1,1,1,1,1,1,1
SB值169861825, K值268620
T的值为268623
比较次数4
268620
---------------------------------
0,1,0,1,1,1,0,0,0,0,0,0,1,1,0,1,0,0,1,1
SB值100619580, K值614293
T的值为614298
比较次数6
614293
---------------------------------
0,0,0,1,1,0,0,1,0,0,0,1,0,0,0,0,0,0,0,1
SB值53130933, K值97246
T的值为97248
比较次数3
97246
---------------------------------
1,0,0,1,1,0,0,0,1,1,0,1,0,1,1,0,1,1,1,1
SB值167005610, K值74627
T的值为74632
比较次数6
74627
---------------------------------
