生成A序列
265052,346358,505321,488460,549122,437546,491163,410878,513565,519000,538039,378895,288608,431227,412194,479541,348452,501932
A背包向量的密度
0.9440509669788878
生成的M值,W值
7905354,97
生成的B序列
1993982,1975310,1584013,7853850,5832710,2915192,210687,328396,2383681,2910876,4757659,5131399,4278914,2302249,456048,6988707,2178428,1255280
生成的P值,V值
8,161
随机生成的delta序列
0,0,1,1,1,1,0,1,0,1,0,1,1,1,1,0,1,0
生成的C值
5334171,6970454,10169586,9830258,11051081,8805614,9884655,8268920,10335495,10444875,10828034,7625262,5808236,8678444,8295405,9650762,7012597,10101381
生成的M'
262147
生成的E值
-1,-1,0,-1,0,0,-1,-1,0,0,0,0,-1,0,-1,0,-1,0
生成的D值
91230,154631,208000,130818,40907,154763,185215,142362,111762,221142,80007,22999,41001,27593,168847,213470,196774,139795
L0,L1的值
13,6
[W' 满足 使得 (W*W')MOD M=1] --- 162997
0,1,0,1,0,1,0,0,1,1,0,0,0,1,1,1,0,0
SB值27785913, K值134438
T的值为134440
比较次数3
134438
---------------------------------
1,1,0,0,0,0,1,0,0,0,1,0,0,0,1,0,0,0
SB值9393686, K值155636
T的值为155641
比较次数6
155636
---------------------------------
1,1,0,1,1,0,0,1,1,1,1,1,0,0,0,1,0,1
SB值41411850, K值38388
T的值为38394
比较次数7
38388
---------------------------------
1,0,1,0,1,0,1,1,0,0,0,0,0,0,0,0,1,0
SB值12128216, K值78047
T的值为78049
比较次数3
78047
---------------------------------
1,0,0,0,0,1,0,1,0,0,0,1,0,1,0,0,1,1
SB值16104926, K值251222
T的值为251223
比较次数2
251222
---------------------------------
0,1,0,1,1,1,1,0,1,0,1,0,0,0,0,0,1,1
SB值29362797, K值146084
T的值为146088
比较次数5
146084
---------------------------------
0,0,1,0,1,1,1,1,0,1,0,0,0,1,0,0,1,0
SB值18262551, K值128168
T的值为128167
比较次数15
128168
---------------------------------
1,1,0,0,1,0,0,1,1,0,1,1,0,1,0,1,1,0
SB值33872521, K值33147
T的值为33152
比较次数6
33147
---------------------------------
1,0,0,0,0,1,1,0,1,1,0,0,0,1,1,0,1,1
SB值16606423, K值248533
T的值为248536
比较次数4
248533
---------------------------------
1,1,1,0,1,0,1,0,0,1,0,1,1,0,0,1,1,0
SB值33085026, K值64634
T的值为64639
比较次数6
64634
---------------------------------
0,0,0,1,1,0,1,1,1,1,0,1,1,1,0,1,1,0
SB值40399897, K值23308
T的值为23311
比较次数4
23308
---------------------------------
1,0,1,0,1,1,1,1,1,0,0,1,0,0,1,1,0,1
SB值29080095, K值168615
T的值为168618
比较次数4
168615
---------------------------------
1,1,1,1,0,1,1,0,1,0,1,1,1,1,1,1,1,1
SB值46265399, K值91876
T的值为91883
比较次数8
91876
---------------------------------
0,1,1,1,0,1,0,1,1,0,0,1,0,0,1,0,1,1
SB值26061597, K值120016
T的值为120019
比较次数4
120016
---------------------------------
0,0,1,1,0,1,0,0,0,0,1,1,1,1,0,0,1,0
SB值31001704, K值75514
T的值为75514
比较次数1
75514
---------------------------------
0,1,0,0,0,0,1,0,0,1,1,0,1,1,0,0,1,0
SB值18614123, K值119922
T的值为119926
比较次数5
119922
---------------------------------
0,0,0,0,0,0,1,1,1,1,1,0,0,1,1,1,1,1
SB值23772011, K值176232
T的值为176236
比较次数5
176232
---------------------------------
0,1,1,1,1,0,1,1,1,1,0,1,0,1,1,0,0,1
SB值32224499, K值243336
T的值为243339
比较次数4
243336
---------------------------------
1,0,0,0,0,0,1,0,0,1,1,0,0,1,1,1,1,0
SB值21798636, K值135690
T的值为135694
比较次数5
135690
---------------------------------
1,1,0,0,1,0,0,1,1,1,0,0,0,0,0,1,0,0
SB值22413662, K值189063
T的值为189067
比较次数5
189063
---------------------------------
0,1,1,0,0,0,0,0,0,1,1,0,1,1,0,1,0,1
SB值26053008, K值37051
T的值为37054
比较次数4
37051
---------------------------------
0,1,1,0,1,0,1,1,1,1,1,1,0,0,1,1,0,1
SB值33814766, K值116255
T的值为116260
比较次数6
116255
---------------------------------
0,0,0,0,0,0,1,0,1,0,0,1,1,1,0,0,1,1
SB值17740638, K值200845
T的值为200848
比较次数4
200845
---------------------------------
1,1,1,1,0,1,1,0,0,0,0,0,0,0,0,1,0,1
SB值24777021, K值229334
T的值为229338
比较次数5
229334
---------------------------------
0,0,1,0,1,0,1,1,0,0,1,1,1,1,0,1,0,0
SB值31414734, K值175113
T的值为175115
比较次数3
175113
---------------------------------
1,0,0,1,0,0,1,0,0,1,1,1,1,1,0,1,0,1
SB值37683603, K值104682
T的值为104687
比较次数6
104682
---------------------------------
0,0,0,1,1,1,0,1,0,1,0,1,1,1,0,1,1,1
SB值41976001, K值20889
T的值为20890
比较次数2
20889
---------------------------------
1,1,1,1,1,1,1,0,1,0,1,0,0,1,1,0,1,0
SB值34443809, K值239812
T的值为239816
比较次数5
239812
---------------------------------
1,1,0,0,1,0,0,0,1,1,0,1,0,1,1,1,1,1
SB值33408670, K值78415
T的值为78419
比较次数5
78415
---------------------------------
0,1,1,1,0,1,0,0,1,0,0,0,0,1,1,0,0,0
SB值19470343, K值169973
T的值为169973
比较次数1
169973
---------------------------------
