生成A序列
2123,2396,2694,3067,2530,3184,2753,2197,3201,2448,2530
A背包向量的密度
0.94466764199249
生成的M值,W值
29124,13
生成的B序列
27599,2024,5898,10747,3766,12268,6665,28561,12489,2700,3766
生成的P值,V值
7,92
随机生成的delta序列
1,0,0,1,0,0,1,0,1,1,1
生成的C值
27903,31490,35406,40310,33251,41846,36183,28874,42071,32174,33252
生成的M'
2053
生成的E值
-1,0,0,-1,-1,-1,-1,0,0,0,-1
生成的D值
1213,695,505,1302,402,785,1281,132,1011,1379,403
L0,L1的值
10,4
[W' 满足 使得 (W*W')MOD M=1] --- 6721
0,1,1,0,1,0,1,1,0,1,1
SB值53380, K值691
T的值为694
比较次数4
691
---------------------------------
1,0,1,1,1,1,1,0,0,1,1
SB值73409, K值1111
T的值为1116
比较次数6
1111
---------------------------------
0,1,0,0,1,1,1,1,0,0,1
SB值57050, K值1645
T的值为1650
比较次数6
1645
---------------------------------
1,0,1,1,1,1,1,0,0,0,1
SB值70709, K值1785
T的值为1790
比较次数6
1785
---------------------------------
1,0,0,0,1,1,1,0,0,1,0
SB值52998, K值954
T的值为957
比较次数4
954
---------------------------------
1,1,0,1,0,0,0,1,0,1,0
SB值71631, K值615
T的值为616
比较次数2
615
---------------------------------
0,1,0,1,0,0,1,1,0,1,1
SB值54463, K值1086
T的值为1087
比较次数2
1086
---------------------------------
1,1,1,1,1,0,1,1,0,1,1
SB值91726, K值1153
T的值为1157
比较次数5
1153
---------------------------------
0,0,0,1,1,0,0,0,1,0,0
SB值27002, K值662
T的值为662
比较次数1
662
---------------------------------
1,1,1,1,0,1,0,0,1,1,1
SB值77491, K值1134
T的值为1136
比较次数3
1134
---------------------------------
1,0,1,0,1,1,0,0,1,0,0
SB值62020, K值1863
T的值为1866
比较次数4
1863
---------------------------------
0,0,1,0,1,1,1,0,1,1,0
SB值43786, K值1257
T的值为1260
比较次数4
1257
---------------------------------
0,1,1,1,0,0,0,1,1,0,0
SB值59719, K值1592
T的值为1593
比较次数2
1592
---------------------------------
1,1,1,0,1,1,1,0,1,0,1
SB值74475, K值136
T的值为140
比较次数5
136
---------------------------------
0,0,1,1,0,0,0,1,0,1,1
SB值51672, K值1668
T的值为1670
比较次数3
1668
---------------------------------
0,0,0,1,0,0,0,0,1,1,0
SB值25936, K值1639
T的值为1638
比较次数12
1639
---------------------------------
0,1,0,0,1,0,1,1,1,1,0
SB值56205, K值794
T的值为795
比较次数2
794
---------------------------------
1,0,1,1,0,1,0,0,1,0,0
SB值69001, K值710
T的值为712
比较次数3
710
---------------------------------
1,0,1,0,1,1,0,1,0,1,0
SB值80792, K值310
T的值为315
比较次数6
310
---------------------------------
1,1,0,1,1,1,1,0,1,1,1
SB值82024, K值259
T的值为262
比较次数4
259
---------------------------------
1,1,0,0,0,1,0,1,0,0,0
SB值70452, K值772
T的值为775
比较次数4
772
---------------------------------
1,0,1,0,0,1,0,1,1,0,1
SB值90581, K值1996
T的值为1999
比较次数4
1996
---------------------------------
0,1,1,1,0,1,1,1,1,1,1
SB值85118, K值1334
T的值为1337
比较次数4
1334
---------------------------------
0,1,1,1,1,0,0,1,0,0,1
SB值54762, K值1386
T的值为1390
比较次数5
1386
---------------------------------
0,1,0,1,1,0,1,0,1,0,0
SB值35691, K值585
T的值为586
比较次数2
585
---------------------------------
1,0,0,1,0,0,0,1,0,0,1
SB值70673, K值997
T的值为998
比较次数2
997
---------------------------------
0,0,0,1,1,0,1,1,1,0,1
SB值65994, K值425
T的值为427
比较次数3
425
---------------------------------
0,1,1,1,0,1,0,0,0,1,0
SB值33637, K值560
T的值为562
比较次数3
560
---------------------------------
1,1,0,1,0,1,1,0,1,1,0
SB值74492, K值1507
T的值为1508
比较次数2
1507
---------------------------------
0,1,1,0,0,0,1,0,0,0,0
SB值14587, K值428
T的值为429
比较次数2
428
---------------------------------
