生成A序列
212321,153126,194231,131543,243628,162141,144469,199744,202007,158632,265262,192626,226837,246099,170068,189893,152075
A背包向量的密度
0.9435502475302023
生成的M值,W值
3244703,85
生成的B序列
1823770,36898,286120,1447046,1240162,803173,2545756,754725,947080,504908,3079052,149695,3057630,1450197,1476968,3162093,3192266
生成的P值,V值
8,153
随机生成的delta序列
1,1,1,0,0,1,0,1,0,0,1,1,0,1,0,1,1
生成的C值
4060640,2928535,3714668,2515759,4659385,3100947,2762969,3820104,3863383,3033837,5073136,3683973,4338257,4706644,3252550,3631704,2908435
生成的M'
131081
生成的E值
0,-1,-1,-1,0,-1,-1,0,-1,-1,0,-1,0,0,0,-1,-1
生成的D值
128210,44752,44399,25219,71550,86083,10267,18755,62033,18973,92058,13704,12584,118809,106606,92516,24652
L0,L1的值
15,5
[W' 满足 使得 (W*W')MOD M=1] --- 1641438
1,1,0,1,1,0,1,1,1,1,1,0,0,1,0,0,1
SB值17021860, K值90954
T的值为90960
比较次数7
90954
---------------------------------
0,0,1,1,1,0,0,1,0,0,0,1,0,0,1,0,1
SB值8546982, K值42723
T的值为42727
比较次数5
42723
---------------------------------
0,0,0,0,0,0,0,0,0,0,0,1,1,0,0,1,1
SB值9561684, K值12375
T的值为12376
比较次数2
12375
---------------------------------
1,1,0,0,1,1,1,0,1,0,1,1,1,1,0,1,0
SB值18295506, K值77161
T的值为77166
比较次数6
77161
---------------------------------
1,0,0,0,1,1,1,1,1,1,1,1,0,0,0,1,0
SB值15010414, K值69825
T的值为69830
比较次数6
69825
---------------------------------
1,1,0,0,0,1,1,1,1,1,0,1,1,0,0,1,1
SB值16977994, K值119286
T的值为119292
比较次数7
119286
---------------------------------
0,1,1,0,1,0,1,1,0,0,0,0,0,1,1,1,1
SB值14145185, K值7982
T的值为7986
比较次数5
7982
---------------------------------
1,0,1,1,0,1,1,0,0,0,0,1,0,0,0,1,1
SB值13409919, K值31807
T的值为31812
比较次数6
31807
---------------------------------
0,1,1,1,0,0,0,0,0,1,0,0,0,1,1,1,1
SB值11556496, K值82683
T的值为82688
比较次数6
82683
---------------------------------
1,0,0,1,0,1,1,0,0,0,0,1,0,0,1,0,1
SB值11438674, K值1498
T的值为1502
比较次数5
1498
---------------------------------
0,0,0,1,1,1,0,1,0,0,1,0,1,0,0,0,1
SB值13574054, K值68739
T的值为68742
比较次数4
68739
---------------------------------
1,1,0,0,1,1,0,1,0,0,1,1,1,1,0,1,0
SB值15557395, K值23616
T的值为23617
比较次数2
23616
---------------------------------
1,1,0,0,0,0,0,1,1,1,1,0,1,1,0,1,0
SB值14816353, K值64366
T的值为64369
比较次数4
64366
---------------------------------
1,1,1,0,1,0,0,0,0,0,0,1,1,1,1,0,1
SB值12713706, K值40942
T的值为40944
比较次数3
40942
---------------------------------
1,0,0,0,1,0,1,0,0,1,1,1,1,1,1,0,0
SB值15328138, K值48437
T的值为48439
比较次数3
48437
---------------------------------
0,1,0,1,0,0,0,1,1,1,0,0,0,1,1,0,1
SB值9810088, K值26556
T的值为26561
比较次数6
26556
---------------------------------
0,0,1,1,0,1,0,0,1,0,0,1,0,0,0,0,1
SB值6825380, K值125009
T的值为125014
比较次数6
125009
---------------------------------
1,1,0,1,1,0,0,1,0,1,1,1,0,1,0,0,0
SB值10486453, K值7706
T的值为7708
比较次数3
7706
---------------------------------
0,0,0,1,0,0,0,0,0,0,0,0,0,0,0,0,0
SB值1447046, K值25219
T的值为25220
比较次数2
25219
---------------------------------
0,0,1,0,1,1,1,1,0,0,1,0,1,0,1,0,0
SB值13243586, K值49059
T的值为49063
比较次数5
49059
---------------------------------
0,0,0,1,1,1,0,0,1,0,1,1,0,0,1,0,0
SB值9143176, K值64010
T的值为64015
比较次数6
64010
---------------------------------
0,0,0,0,0,0,0,0,0,0,0,0,1,0,1,1,1
SB值10888957, K值105277
T的值为105279
比较次数3
105277
---------------------------------
1,0,1,0,0,1,0,0,0,0,1,1,1,0,0,1,1
SB值15553799, K值100963
T的值为100965
比较次数3
100963
---------------------------------
1,0,1,1,0,1,1,0,0,1,1,0,0,1,0,0,0
SB值11940022, K值130775
T的值为130779
比较次数5
130775
---------------------------------
1,1,0,0,1,1,0,0,1,1,0,1,1,1,1,1,0
SB值14652574, K值100415
T的值为100420
比较次数6
100415
---------------------------------
1,0,1,0,0,0,1,1,0,1,1,1,0,0,1,1,1
SB值16975353, K值25816
T的值为25820
比较次数5
25816
---------------------------------
0,1,0,1,1,1,0,0,0,0,0,1,0,0,0,0,0
SB值3676974, K值110227
T的值为110231
比较次数5
110227
---------------------------------
1,1,1,0,1,0,1,0,1,0,1,1,1,0,1,0,1
SB值17835397, K值86491
T的值为86497
比较次数7
86491
---------------------------------
1,1,1,1,1,0,1,0,0,0,1,0,1,0,1,0,0
SB值14993402, K值11321
T的值为11326
比较次数6
11321
---------------------------------
0,0,0,1,1,1,0,0,1,0,1,1,1,1,1,1,1
SB值20005362, K值50409
T的值为50415
比较次数7
50409
---------------------------------
